<TICKER>,<DTYYYYMMDD>,<TIME>,<OPEN>,<HIGH>,<LOW>,<CLOSE>,<VOL>
USDJPY,20181231,2100,109.601,109.601,109.554,109.556,29220000
USDJPY,20190101,2200,109.648,109.698,109.606,109.677,8801150047
USDJPY,20190101,2300,109.676,109.726,109.646,109.670,4823880000
USDJPY,20190102,0000,109.669,109.680,109.542,109.625,7498800000
USDJPY,20190102,0100,109.625,109.674,109.582,109.597,7640480000
USDJPY,20190102,0200,109.597,109.611,109.336,109.412,10524440000
USDJPY,20190102,0300,109.411,109.426,109.343,109.420,5766890000
USDJPY,20190102,0400,109.420,109.429,109.342,109.387,6559680001
USDJPY,20190102,0500,109.387,109.423,109.297,109.303,6667770004
USDJPY,20190102,0600,109.302,109.302,109.126,109.256,5382550000
USDJPY,20190102,0700,109.256,109.346,109.181,109.308,9872660000
USDJPY,20190102,0800,109.308,109.323,108.902,108.950,20474259999
USDJPY,20190102,0900,108.949,108.977,108.707,108.941,16183770001
USDJPY,20190102,1000,108.942,109.102,108.879,109.045,13739580000
USDJPY,20190102,1100,109.045,109.176,109.043,109.107,12859230000
USDJPY,20190102,1200,109.104,109.285,109.101,109.142,12204010000
USDJPY,20190102,1300,109.141,109.194,108.820,109.188,15813030000
USDJPY,20190102,1400,109.187,109.359,109.175,109.337,17578750000
USDJPY,20190102,1500,109.337,109.392,109.266,109.283,17056530000
USDJPY,20190102,1600,109.282,109.356,109.213,109.219,11731060000
USDJPY,20190102,1700,109.220,109.464,109.219,109.442,11711120000
USDJPY,20190102,1800,109.442,109.455,109.379,109.448,7267970000
USDJPY,20190102,1900,109.449,109.449,109.181,109.196,7737060000
USDJPY,20190102,2000,109.196,109.201,109.037,109.081,11486750000
USDJPY,20190102,2100,109.082,109.121,108.867,108.874,4692370001
USDJPY,20190102,2200,108.872,108.898,104.736,106.700,12498679999
USDJPY,20190102,2300,106.700,107.871,106.498,107.427,20340330004
USDJPY,20190103,0000,107.433,107.854,107.427,107.642,10814789998
USDJPY,20190103,0100,107.643,107.802,107.431,107.535,14155640002
USDJPY,20190103,0200,107.534,107.549,107.073,107.134,10493990000
USDJPY,20190103,0300,107.134,107.204,107.022,107.156,8028150000
USDJPY,20190103,0400,107.157,107.284,107.151,107.152,6420280000
USDJPY,20190103,0500,107.153,107.161,106.746,106.967,9910360000
USDJPY,20190103,0600,106.968,106.976,106.797,106.849,10043750000
USDJPY,20190103,0700,106.849,107.672,106.849,107.551,23906109999
USDJPY,20190103,0800,107.552,107.958,107.428,107.643,18566010000
USDJPY,20190103,0900,107.644,107.846,107.644,107.657,10341250000
USDJPY,20190103,1000,107.658,107.683,107.505,107.639,9539749999
USDJPY,20190103,1100,107.639,107.679,107.513,107.549,8031540000
USDJPY,20190103,1200,107.550,107.713,107.523,107.662,6643010000
USDJPY,20190103,1300,107.660,107.999,107.594,107.747,18329630003
USDJPY,20190103,1400,107.746,107.966,107.702,107.746,18388150000
USDJPY,20190103,1500,107.746,107.942,107.104,107.541,31502080000
USDJPY,20190103,1600,107.546,108.304,107.495,108.095,24484329999
USDJPY,20190103,1700,108.091,108.109,107.825,108.024,19822099999
USDJPY,20190103,1800,108.024,108.028,107.742,107.839,16564960000
USDJPY,20190103,1900,107.838,107.891,107.724,107.733,11405760000
USDJPY,20190103,2000,107.733,107.776,107.393,107.522,15612060001
USDJPY,20190103,2100,107.521,107.673,107.465,107.646,4189920000
USDJPY,20190103,2200,107.646,107.706,107.631,107.673,7049390000
USDJPY,20190103,2300,107.672,107.969,107.641,107.849,11093510000
USDJPY,20190104,0000,107.848,107.934,107.514,107.518,17903780001
USDJPY,20190104,0100,107.518,107.949,107.512,107.840,17242620000
USDJPY,20190104,0200,107.839,108.194,107.805,108.112,13118490000
USDJPY,20190104,0300,108.111,108.445,108.110,108.329,11294140001
USDJPY,20190104,0400,108.328,108.433,108.311,108.334,6956820001
USDJPY,20190104,0500,108.335,108.376,108.210,108.252,5819530000
USDJPY,20190104,0600,108.253,108.282,108.063,108.186,6229810000
USDJPY,20190104,0700,108.185,108.231,107.821,107.851,13828380000
USDJPY,20190104,0800,107.848,108.043,107.825,108.036,16449620000
USDJPY,20190104,0900,108.035,108.039,107.865,108.031,12120020000
USDJPY,20190104,1000,108.032,108.062,107.928,107.965,9221670000
USDJPY,20190104,1100,107.965,108.017,107.943,107.988,8622950000
USDJPY,20190104,1200,107.988,108.058,107.960,108.003,8047620000
USDJPY,20190104,1300,108.003,108.452,107.998,108.300,19905010000
USDJPY,20190104,1400,108.300,108.589,108.276,108.473,23617380000
USDJPY,20190104,1500,108.474,108.481,108.104,108.110,29973530000
USDJPY,20190104,1600,108.109,108.349,108.064,108.288,19452000001
USDJPY,20190104,1700,108.289,108.572,108.282,108.449,12732520000
USDJPY,20190104,1800,108.449,108.586,108.352,108.433,11255850000
USDJPY,20190104,1900,108.435,108.557,108.418,108.514,12010720000
USDJPY,20190104,2000,108.514,108.522,108.428,108.460,8344210000
USDJPY,20190104,2100,108.459,108.554,108.433,108.518,2220500000
USDJPY,20190106,2200,108.503,108.559,108.425,108.472,2991040000
USDJPY,20190106,2300,108.472,108.622,108.352,108.550,7227870000
USDJPY,20190107,0000,108.550,108.604,108.457,108.474,12567310000
USDJPY,20190107,0100,108.475,108.539,108.321,108.369,10983910000
USDJPY,20190107,0200,108.371,108.391,108.234,108.234,7877260000
USDJPY,20190107,0300,108.234,108.269,108.068,108.137,8232500000
USDJPY,20190107,0400,108.135,108.303,108.019,108.301,8495290000
USDJPY,20190107,0500,108.301,108.313,108.147,108.191,5699140000
USDJPY,20190107,0600,108.193,108.260,108.161,108.210,4377730000
USDJPY,20190107,0700,108.211,108.273,108.091,108.187,13292930000
USDJPY,20190107,0800,108.187,108.262,108.067,108.195,9238580000
USDJPY,20190107,0900,108.195,108.228,108.120,108.196,7947530000
USDJPY,20190107,1000,108.196,108.363,108.146,108.350,7844690000
USDJPY,20190107,1100,108.353,108.404,108.321,108.356,5794180000
USDJPY,20190107,1200,108.355,108.355,108.228,108.260,6612910000
USDJPY,20190107,1300,108.258,108.407,108.211,108.354,10335620000
USDJPY,20190107,1400,108.354,108.374,108.215,108.314,16550790001
USDJPY,20190107,1500,108.314,108.544,108.208,108.435,23396420001
USDJPY,20190107,1600,108.435,108.636,108.423,108.622,13467580000
USDJPY,20190107,1700,108.622,108.647,108.559,108.604,10580250000
USDJPY,20190107,1800,108.606,108.676,108.515,108.568,10305700000
USDJPY,20190107,1900,108.568,108.632,108.539,108.596,9060550000
USDJPY,20190107,2000,108.595,108.747,108.591,108.706,6200370000
USDJPY,20190107,2100,108.707,108.742,108.663,108.705,2615220000
USDJPY,20190107,2200,108.702,108.707,108.628,108.654,3494420000
USDJPY,20190107,2300,108.656,108.673,108.594,108.626,3661780000
USDJPY,20190108,0000,108.627,108.773,108.612,108.735,8958800000
USDJPY,20190108,0100,108.735,108.749,108.512,108.560,11674540000
USDJPY,20190108,0200,108.559,108.750,108.527,108.712,9227160000
USDJPY,20190108,0300,108.713,108.917,108.617,108.878,7810300000
USDJPY,20190108,0400,108.878,108.997,108.876,108.987,7157220000
USDJPY,20190108,0500,108.987,108.996,108.780,108.785,7517820000
USDJPY,20190108,0600,108.784,108.889,108.736,108.883,5566150000
USDJPY,20190108,0700,108.882,109.087,108.826,108.981,12419240000
USDJPY,20190108,0800,108.979,109.018,108.880,108.911,10538890000
USDJPY,20190108,0900,108.912,108.946,108.805,108.872,8428790000
USDJPY,20190108,1000,108.875,108.902,108.674,108.719,8431570000
USDJPY,20190108,1100,108.718,108.790,108.686,108.726,7058020000
USDJPY,20190108,1200,108.726,108.767,108.601,108.765,7627520000
USDJPY,20190108,1300,108.765,108.880,108.704,108.872,13465090000
USDJPY,20190108,1400,108.873,108.960,108.815,108.858,14889910000
USDJPY,20190108,1500,108.860,108.894,108.596,108.617,16892739999
USDJPY,20190108,1600,108.618,108.670,108.441,108.582,15846480001
USDJPY,20190108,1700,108.581,108.645,108.497,108.589,9709800000
USDJPY,20190108,1800,108.588,108.676,108.561,108.643,9489200000
USDJPY,20190108,1900,108.643,108.683,108.621,108.649,7437720000
USDJPY,20190108,2000,108.648,108.799,108.622,108.763,5733010000
USDJPY,20190108,2100,108.761,108.833,108.714,108.723,2870210000
USDJPY,20190108,2200,108.727,108.858,108.689,108.785,6994790000
USDJPY,20190108,2300,108.784,108.830,108.749,108.751,3314320000
USDJPY,20190109,0000,108.752,108.846,108.692,108.711,10399189999
USDJPY,20190109,0100,108.711,108.801,108.681,108.790,9393710000
USDJPY,20190109,0200,108.790,109.001,108.776,108.907,10375160000
USDJPY,20190109,0300,108.907,108.946,108.831,108.898,5594960000
USDJPY,20190109,0400,108.900,108.944,108.835,108.864,5212270000
USDJPY,20190109,0500,108.867,108.923,108.819,108.854,5396730000
USDJPY,20190109,0600,108.853,108.892,108.815,108.834,4711270000
USDJPY,20190109,0700,108.834,108.990,108.816,108.914,8738930000
USDJPY,20190109,0800,108.914,108.930,108.790,108.871,9164110000
USDJPY,20190109,0900,108.874,108.965,108.869,108.906,6648420000
USDJPY,20190109,1000,108.907,108.942,108.877,108.886,6306520000
USDJPY,20190109,1100,108.887,108.926,108.841,108.912,6602620000
USDJPY,20190109,1200,108.911,108.941,108.865,108.882,7713060000
USDJPY,20190109,1300,108.882,108.883,108.724,108.748,9333420000
USDJPY,20190109,1400,108.748,108.754,108.418,108.446,17351119998
USDJPY,20190109,1500,108.446,108.515,108.050,108.188,23372330000
USDJPY,20190109,1600,108.187,108.417,108.174,108.391,14466890000
USDJPY,20190109,1700,108.392,108.399,108.268,108.316,7905760000
USDJPY,20190109,1800,108.317,108.327,108.213,108.266,7428280000
USDJPY,20190109,1900,108.266,108.365,108.031,108.278,20557060000
USDJPY,20190109,2000,108.278,108.315,107.971,108.005,11870770000
USDJPY,20190109,2100,108.003,108.168,108.001,108.158,3124640000
USDJPY,20190109,2200,108.158,108.168,108.100,108.156,4568050000
USDJPY,20190109,2300,108.155,108.231,108.150,108.185,5898320000
USDJPY,20190110,0000,108.184,108.257,107.984,108.014,14876890002
USDJPY,20190110,0100,108.013,108.023,107.843,107.972,19798470000
USDJPY,20190110,0200,107.971,108.000,107.869,107.976,10359280000
USDJPY,20190110,0300,107.975,107.993,107.859,107.874,8777620000
USDJPY,20190110,0400,107.873,107.981,107.819,107.975,5907340000
USDJPY,20190110,0500,107.975,107.984,107.875,107.909,5534629999
USDJPY,20190110,0600,107.909,107.952,107.769,107.823,6359020000
USDJPY,20190110,0700,107.825,107.936,107.821,107.921,9932250000
USDJPY,20190110,0800,107.921,108.051,107.823,108.042,10376010001
USDJPY,20190110,0900,108.045,108.148,108.035,108.093,10247970000
USDJPY,20190110,1000,108.093,108.227,108.093,108.131,7115240000
USDJPY,20190110,1100,108.132,108.132,107.963,108.030,6793620000
USDJPY,20190110,1200,108.033,108.121,108.031,108.082,7703460000
USDJPY,20190110,1300,108.082,108.198,108.053,108.191,9124960000
USDJPY,20190110,1400,108.191,108.222,107.919,108.007,15567770000
USDJPY,20190110,1500,108.005,108.225,107.989,108.202,16886920001
USDJPY,20190110,1600,108.201,108.340,108.191,108.291,13498570000
USDJPY,20190110,1700,108.290,108.434,108.227,108.392,11881089999
USDJPY,20190110,1800,108.392,108.443,108.203,108.343,15586389999
USDJPY,20190110,1900,108.341,108.459,108.341,108.417,10579960000
USDJPY,20190110,2000,108.416,108.493,108.404,108.481,6138140000
USDJPY,20190110,2100,108.480,108.518,108.423,108.425,2723290000
USDJPY,20190110,2200,108.425,108.440,108.366,108.435,5645330000
USDJPY,20190110,2300,108.433,108.456,108.282,108.282,5628310000
USDJPY,20190111,0000,108.284,108.473,108.272,108.405,10954870000
USDJPY,20190111,0100,108.403,108.424,108.318,108.390,10362050000
USDJPY,20190111,0200,108.394,108.401,108.250,108.308,7823460000
USDJPY,20190111,0300,108.308,108.354,108.280,108.296,5116720000
USDJPY,20190111,0400,108.297,108.333,108.230,108.317,4548620000
USDJPY,20190111,0500,108.316,108.347,108.265,108.298,5511620000
USDJPY,20190111,0600,108.298,108.408,108.267,108.374,5196250000
USDJPY,20190111,0700,108.374,108.432,108.325,108.329,6846940000
USDJPY,20190111,0800,108.331,108.337,108.232,108.290,9234870000
USDJPY,20190111,0900,108.290,108.353,108.262,108.334,6278080000
USDJPY,20190111,1000,108.334,108.353,108.248,108.279,8097610000
USDJPY,20190111,1100,108.282,108.335,108.244,108.310,7700570000
USDJPY,20190111,1200,108.308,108.357,108.253,108.326,6902090000
USDJPY,20190111,1300,108.327,108.363,108.145,108.203,10808950000
USDJPY,20190111,1400,108.201,108.597,108.188,108.442,21492749999
USDJPY,20190111,1500,108.442,108.501,108.321,108.405,13664370000
USDJPY,20190111,1600,108.405,108.444,108.303,108.350,10984010000
USDJPY,20190111,1700,108.350,108.423,108.333,108.406,6315580000
USDJPY,20190111,1800,108.405,108.493,108.376,108.472,4545400000
USDJPY,20190111,1900,108.471,108.505,108.445,108.493,3787000000
USDJPY,20190111,2000,108.492,108.547,108.490,108.547,4178580000
USDJPY,20190111,2100,108.547,108.572,108.498,108.528,2403890000
USDJPY,20190113,2200,108.499,108.555,108.499,108.502,1753950000
USDJPY,20190113,2300,108.503,108.507,108.395,108.451,4571860000
USDJPY,20190114,0000,108.451,108.481,108.424,108.439,3269270000
USDJPY,20190114,0100,108.439,108.445,108.167,108.204,6924170000
USDJPY,20190114,0200,108.205,108.260,108.168,108.229,4519680000
USDJPY,20190114,0300,108.229,108.234,108.060,108.152,5437270002
USDJPY,20190114,0400,108.152,108.155,108.102,108.115,2106180000
USDJPY,20190114,0500,108.114,108.128,108.081,108.107,2948900000
USDJPY,20190114,0600,108.108,108.143,108.043,108.131,4431980000
USDJPY,20190114,0700,108.132,108.182,108.054,108.091,7491960000
USDJPY,20190114,0800,108.092,108.222,108.087,108.197,6382420000
USDJPY,20190114,0900,108.198,108.198,108.101,108.145,6392680000
USDJPY,20190114,1000,108.144,108.163,108.072,108.155,7464100000
USDJPY,20190114,1100,108.155,108.156,107.986,108.093,8896510001
USDJPY,20190114,1200,108.095,108.158,108.042,108.099,8078660000
USDJPY,20190114,1300,108.100,108.239,108.048,108.195,8208520000
USDJPY,20190114,1400,108.195,108.223,108.075,108.171,12231009991
USDJPY,20190114,1500,108.173,108.355,108.172,108.321,13259810000
USDJPY,20190114,1600,108.321,108.352,108.209,108.221,10028740000
USDJPY,20190114,1700,108.219,108.244,108.157,108.185,5342510000
USDJPY,20190114,1800,108.184,108.260,108.170,108.214,3904740000
USDJPY,20190114,1900,108.214,108.241,108.159,108.201,5294040001
USDJPY,20190114,2000,108.201,108.241,108.177,108.200,3103680000
USDJPY,20190114,2100,108.201,108.203,108.149,108.157,1798400000
USDJPY,20190114,2200,108.154,108.171,108.134,108.155,8676960000
USDJPY,20190114,2300,108.157,108.257,108.134,108.237,4282490000
USDJPY,20190115,0000,108.236,108.391,108.196,108.331,10968310000
USDJPY,20190115,0100,108.332,108.469,108.323,108.409,10293650000
USDJPY,20190115,0200,108.409,108.470,108.398,108.463,7606750000
USDJPY,20190115,0300,108.463,108.558,108.461,108.553,6871850000
USDJPY,20190115,0400,108.553,108.576,108.513,108.556,4288510000
USDJPY,20190115,0500,108.557,108.753,108.545,108.714,7078820000
USDJPY,20190115,0600,108.715,108.737,108.623,108.653,4970500000
USDJPY,20190115,0700,108.654,108.702,108.598,108.650,6239430000
USDJPY,20190115,0800,108.649,108.697,108.574,108.583,9709960001
USDJPY,20190115,0900,108.581,108.630,108.515,108.564,9002660000
USDJPY,20190115,1000,108.563,108.651,108.478,108.502,8937770000
USDJPY,20190115,1100,108.502,108.546,108.343,108.379,8371710000
USDJPY,20190115,1200,108.378,108.507,108.335,108.506,11841440000
USDJPY,20190115,1300,108.506,108.584,108.329,108.360,13837170000
USDJPY,20190115,1400,108.359,108.525,108.351,108.483,13206270000
USDJPY,20190115,1500,108.482,108.590,108.401,108.511,17938310000
USDJPY,20190115,1600,108.512,108.714,108.498,108.713,14152869999
USDJPY,20190115,1700,108.714,108.765,108.598,108.620,9564890001
USDJPY,20190115,1800,108.621,108.677,108.546,108.566,7307260000
USDJPY,20190115,1900,108.564,108.612,108.370,108.570,14538130000
USDJPY,20190115,2000,108.571,108.677,108.488,108.667,10260280000
USDJPY,20190115,2100,108.667,108.734,108.641,108.643,3275380000
USDJPY,20190115,2200,108.632,108.716,108.620,108.632,4165560000
USDJPY,20190115,2300,108.635,108.702,108.632,108.653,4035170000
USDJPY,20190116,0000,108.653,108.670,108.445,108.451,11543749993
USDJPY,20190116,0100,108.452,108.474,108.370,108.427,9815010000
USDJPY,20190116,0200,108.426,108.534,108.386,108.499,6650510000
USDJPY,20190116,0300,108.498,108.545,108.472,108.503,4262790000
USDJPY,20190116,0400,108.504,108.538,108.466,108.477,4888820000
USDJPY,20190116,0500,108.477,108.516,108.469,108.477,4684570000
USDJPY,20190116,0600,108.477,108.512,108.428,108.507,4345990000
USDJPY,20190116,0700,108.508,108.633,108.484,108.618,5625960000
USDJPY,20190116,0800,108.618,108.640,108.532,108.536,9168050000
USDJPY,20190116,0900,108.535,108.635,108.530,108.629,5882220000
USDJPY,20190116,1000,108.629,108.782,108.617,108.776,6238370000
USDJPY,20190116,1100,108.776,108.882,108.760,108.845,6948310000
USDJPY,20190116,1200,108.849,108.859,108.761,108.853,6718520000
USDJPY,20190116,1300,108.852,108.854,108.756,108.807,5741860000
USDJPY,20190116,1400,108.806,108.879,108.765,108.850,10550110000
USDJPY,20190116,1500,108.851,108.913,108.675,108.856,11638020000
USDJPY,20190116,1600,108.856,108.915,108.782,108.843,11256879999
USDJPY,20190116,1700,108.842,108.996,108.796,108.967,8551830000
USDJPY,20190116,1800,108.967,108.986,108.831,108.859,5393130000
USDJPY,20190116,1900,108.860,108.972,108.838,108.917,8436670000
USDJPY,20190116,2000,108.918,109.195,108.903,109.031,11489100000
USDJPY,20190116,2100,109.030,109.185,109.007,109.087,5474900000
USDJPY,20190116,2200,109.087,109.119,109.024,109.116,8582000000
USDJPY,20190116,2300,109.116,109.116,109.003,109.040,5648740000
USDJPY,20190117,0000,109.041,109.073,108.891,108.909,10088410000
USDJPY,20190117,0100,108.910,108.949,108.834,108.901,9993200000
USDJPY,20190117,0200,108.901,109.015,108.860,109.014,7331980000
USDJPY,20190117,0300,109.014,109.025,108.968,108.983,4862440000
USDJPY,20190117,0400,108.984,109.063,108.981,109.011,5284550000
USDJPY,20190117,0500,109.011,109.022,108.945,108.946,4072579999
USDJPY,20190117,0600,108.945,108.946,108.823,108.824,4347330001
USDJPY,20190117,0700,108.825,108.923,108.737,108.780,10802240000
USDJPY,20190117,0800,108.782,108.827,108.701,108.815,10900200000
USDJPY,20190117,0900,108.815,108.848,108.704,108.737,7645370000
USDJPY,20190117,1000,108.736,108.817,108.736,108.817,7651740000
USDJPY,20190117,1100,108.817,108.877,108.764,108.877,6753270000
USDJPY,20190117,1200,108.878,108.889,108.721,108.740,7248670000
USDJPY,20190117,1300,108.740,108.897,108.686,108.847,10563969999
USDJPY,20190117,1400,108.850,108.976,108.791,108.949,13875709999
USDJPY,20190117,1500,108.949,109.041,108.915,109.009,14958820000
USDJPY,20190117,1600,109.009,109.102,108.955,109.012,11110300000
USDJPY,20190117,1700,109.012,109.067,108.967,108.978,6340050001
USDJPY,20190117,1800,108.977,109.066,108.932,109.013,4981280001
USDJPY,20190117,1900,109.013,109.398,108.951,109.237,14779789999
USDJPY,20190117,2000,109.238,109.293,109.122,109.235,16414360000
USDJPY,20190117,2100,109.235,109.261,109.165,109.250,4695650000
USDJPY,20190117,2200,109.249,109.278,109.191,109.193,5857800000
USDJPY,20190117,2300,109.194,109.213,109.056,109.142,7716950000
USDJPY,20190118,0000,109.145,109.359,109.130,109.291,11238500000
USDJPY,20190118,0100,109.291,109.397,109.240,109.357,12312310000
USDJPY,20190118,0200,109.358,109.372,109.270,109.341,8641300000
USDJPY,20190118,0300,109.340,109.372,109.320,109.368,5182070000
USDJPY,20190118,0400,109.367,109.439,109.330,109.378,5321050000
USDJPY,20190118,0500,109.377,109.439,109.360,109.360,5035380000
USDJPY,20190118,0600,109.360,109.397,109.305,109.391,6121040000
USDJPY,20190118,0700,109.390,109.461,109.359,109.365,7340730000
USDJPY,20190118,0800,109.364,109.496,109.348,109.482,9056210000
USDJPY,20190118,0900,109.482,109.596,109.462,109.568,8270860000
USDJPY,20190118,1000,109.570,109.570,109.378,109.391,8499550000
USDJPY,20190118,1100,109.391,109.521,109.384,109.506,5687630000
USDJPY,20190118,1200,109.507,109.537,109.341,109.375,9643220000
USDJPY,20190118,1300,109.375,109.449,109.341,109.426,9772220000
USDJPY,20190118,1400,109.426,109.547,109.413,109.521,14935330000
USDJPY,20190118,1500,109.520,109.706,109.400,109.682,19394720002
USDJPY,20190118,1600,109.683,109.798,109.646,109.795,10541030000
USDJPY,20190118,1700,109.795,109.860,109.749,109.839,8699290000
USDJPY,20190118,1800,109.839,109.889,109.715,109.763,7433750000
USDJPY,20190118,1900,109.762,109.786,109.652,109.774,7371720000
USDJPY,20190118,2000,109.777,109.795,109.726,109.744,8534260000
USDJPY,20190118,2100,109.745,109.772,109.697,109.769,4018240000
USDJPY,20190120,2200,109.679,109.767,109.679,109.732,12461720000
USDJPY,20190120,2300,109.733,109.759,109.656,109.681,3774800000
USDJPY,20190121,0000,109.680,109.697,109.587,109.627,6626370000
USDJPY,20190121,0100,109.628,109.631,109.474,109.523,9265200000
USDJPY,20190121,0200,109.523,109.720,109.514,109.703,7196540000
USDJPY,20190121,0300,109.702,109.702,109.622,109.632,4156210000
USDJPY,20190121,0400,109.632,109.641,109.562,109.589,4164800000
USDJPY,20190121,0500,109.589,109.599,109.530,109.553,4806070000
USDJPY,20190121,0600,109.553,109.575,109.536,109.557,3512850000
USDJPY,20190121,0700,109.556,109.586,109.512,109.582,6084970000
USDJPY,20190121,0800,109.581,109.666,109.574,109.628,4820980000
USDJPY,20190121,0900,109.626,109.680,109.583,109.674,5112030000
USDJPY,20190121,1000,109.673,109.677,109.592,109.606,4494670000
USDJPY,20190121,1100,109.606,109.620,109.563,109.600,4119640000
USDJPY,20190121,1200,109.599,109.657,109.595,109.642,3444310000
USDJPY,20190121,1300,109.641,109.686,109.641,109.670,5185880000
USDJPY,20190121,1400,109.671,109.690,109.628,109.658,4575440000
USDJPY,20190121,1500,109.658,109.672,109.603,109.623,5152300000
USDJPY,20190121,1600,109.622,109.656,109.593,109.614,5547380001
USDJPY,20190121,1700,109.615,109.658,109.613,109.636,2602810000
USDJPY,20190121,1800,109.637,109.665,109.619,109.644,4887360000
USDJPY,20190121,1900,109.642,109.654,109.637,109.644,3629480000
USDJPY,20190121,2000,109.644,109.686,109.636,109.681,2555700000
USDJPY,20190121,2100,109.681,109.681,109.650,109.655,4964320000
USDJPY,20190121,2200,109.656,109.673,109.601,109.635,6537000000
USDJPY,20190121,2300,109.635,109.683,109.616,109.673,4002550000
USDJPY,20190122,0000,109.673,109.693,109.571,109.615,8287610000
USDJPY,20190122,0100,109.614,109.641,109.552,109.630,7061020000
USDJPY,20190122,0200,109.630,109.643,109.496,109.517,5085270000
USDJPY,20190122,0300,109.516,109.546,109.423,109.446,5666950000
USDJPY,20190122,0400,109.447,109.472,109.411,109.469,4079260000
USDJPY,20190122,0500,109.468,109.475,109.385,109.431,4952620000
USDJPY,20190122,0600,109.430,109.476,109.402,109.459,3791040000
USDJPY,20190122,0700,109.460,109.468,109.355,109.425,8266460000
USDJPY,20190122,0800,109.426,109.448,109.322,109.418,9877360000
USDJPY,20190122,0900,109.417,109.478,109.416,109.465,7075230000
USDJPY,20190122,1000,109.464,109.504,109.430,109.450,6302930000
USDJPY,20190122,1100,109.450,109.456,109.380,109.445,4777030000
USDJPY,20190122,1200,109.446,109.470,109.412,109.424,6032530000
USDJPY,20190122,1300,109.425,109.475,109.372,109.444,6921760001
USDJPY,20190122,1400,109.445,109.453,109.370,109.407,12280980000
USDJPY,20190122,1500,109.407,109.464,109.284,109.432,14676900000
USDJPY,20190122,1600,109.431,109.468,109.342,109.345,10287330000
USDJPY,20190122,1700,109.345,109.377,109.284,109.324,8225030000
USDJPY,20190122,1800,109.323,109.325,109.146,109.242,12996330000
USDJPY,20190122,1900,109.242,109.298,109.210,109.293,8325760000
USDJPY,20190122,2000,109.294,109.413,109.245,109.413,10213350000
USDJPY,20190122,2100,109.413,109.444,109.341,109.357,3841610001
USDJPY,20190122,2200,109.357,109.383,109.322,109.333,6535730000
USDJPY,20190122,2300,109.333,109.377,109.322,109.357,4524100000
USDJPY,20190123,0000,109.357,109.477,109.355,109.427,7372840000
USDJPY,20190123,0100,109.430,109.690,109.428,109.661,11139439999
USDJPY,20190123,0200,109.659,109.689,109.616,109.634,6264820000
USDJPY,20190123,0300,109.632,109.797,109.625,109.701,7722690000
USDJPY,20190123,0400,109.703,109.726,109.630,109.695,5456250000
USDJPY,20190123,0500,109.695,109.704,109.590,109.625,4987520000
USDJPY,20190123,0600,109.625,109.692,109.625,109.656,4269090000
USDJPY,20190123,0700,109.656,109.722,109.610,109.626,7146250000
USDJPY,20190123,0800,109.626,109.644,109.531,109.561,10536760000
USDJPY,20190123,0900,109.560,109.683,109.559,109.666,6943070001
USDJPY,20190123,1000,109.667,109.710,109.631,109.632,7685370000
USDJPY,20190123,1100,109.631,109.680,109.589,109.654,6594230000
USDJPY,20190123,1200,109.654,109.678,109.619,109.646,5506050000
USDJPY,20190123,1300,109.646,109.868,109.640,109.845,9877410001
USDJPY,20190123,1400,109.845,109.999,109.821,109.877,13518660000
USDJPY,20190123,1500,109.880,109.892,109.602,109.640,13721470001
USDJPY,20190123,1600,109.639,109.661,109.394,109.445,14369180001
USDJPY,20190123,1700,109.445,109.503,109.394,109.462,9681950000
USDJPY,20190123,1800,109.461,109.605,109.440,109.560,8095390000
USDJPY,20190123,1900,109.562,109.626,109.541,109.589,7336470000
USDJPY,20190123,2000,109.589,109.619,109.564,109.611,4896550000
USDJPY,20190123,2100,109.612,109.617,109.581,109.593,2198040000
USDJPY,20190123,2200,109.588,109.610,109.527,109.556,9163720000
USDJPY,20190123,2300,109.556,109.586,109.493,109.500,5789400000
USDJPY,20190124,0000,109.502,109.642,109.458,109.458,9473080000
USDJPY,20190124,0100,109.459,109.582,109.451,109.486,9030740000
USDJPY,20190124,0200,109.485,109.569,109.436,109.527,8220709999
USDJPY,20190124,0300,109.529,109.540,109.486,109.530,5301590000
USDJPY,20190124,0400,109.528,109.564,109.496,109.550,4605020000
USDJPY,20190124,0500,109.555,109.622,109.552,109.615,5114800000
USDJPY,20190124,0600,109.615,109.743,109.614,109.711,6034460000
USDJPY,20190124,0700,109.712,109.728,109.660,109.711,5476980000
USDJPY,20190124,0800,109.715,109.717,109.596,109.665,11667050000
USDJPY,20190124,0900,109.664,109.749,109.649,109.748,6108420000
USDJPY,20190124,1000,109.747,109.797,109.720,109.777,5166720000
USDJPY,20190124,1100,109.779,109.799,109.720,109.722,5764210000
USDJPY,20190124,1200,109.722,109.781,109.706,109.757,6721980000
USDJPY,20190124,1300,109.757,109.770,109.539,109.559,16672559999
USDJPY,20190124,1400,109.558,109.610,109.421,109.465,16531310000
USDJPY,20190124,1500,109.465,109.628,109.421,109.576,11093620000
USDJPY,20190124,1600,109.575,109.737,109.513,109.727,12404740001
USDJPY,20190124,1700,109.727,109.739,109.644,109.674,8243480000
USDJPY,20190124,1800,109.674,109.705,109.578,109.655,6837140000
USDJPY,20190124,1900,109.654,109.694,109.634,109.687,5766150000
USDJPY,20190124,2000,109.687,109.691,109.546,109.606,5182850000
USDJPY,20190124,2100,109.607,109.642,109.568,109.632,2078520000
USDJPY,20190124,2200,109.628,109.642,109.542,109.567,6128040000
USDJPY,20190124,2300,109.566,109.604,109.517,109.597,8532370000
USDJPY,20190125,0000,109.596,109.719,109.583,109.693,8427180000
USDJPY,20190125,0100,109.692,109.794,109.660,109.740,9561680000
USDJPY,20190125,0200,109.738,109.785,109.700,109.702,6096050000
USDJPY,20190125,0300,109.702,109.871,109.666,109.840,6523100000
USDJPY,20190125,0400,109.838,109.843,109.747,109.748,4341400000
USDJPY,20190125,0500,109.746,109.797,109.733,109.794,4075400000
USDJPY,20190125,0600,109.795,109.871,109.763,109.820,5208230000
USDJPY,20190125,0700,109.821,109.870,109.734,109.768,7177370000
USDJPY,20190125,0800,109.767,109.907,109.709,109.880,11101480001
USDJPY,20190125,0900,109.880,109.882,109.786,109.793,6582110000
USDJPY,20190125,1000,109.792,109.843,109.765,109.792,6046760000
USDJPY,20190125,1100,109.792,109.831,109.747,109.811,5634070000
USDJPY,20190125,1200,109.811,109.877,109.780,109.877,5760680000
USDJPY,20190125,1300,109.877,109.949,109.864,109.898,11453059991
USDJPY,20190125,1400,109.898,109.902,109.556,109.624,12921450000
USDJPY,20190125,1500,109.624,109.684,109.531,109.681,16508090000
USDJPY,20190125,1600,109.681,109.701,109.544,109.597,9640800000
USDJPY,20190125,1700,109.597,109.910,109.572,109.770,12294630000
USDJPY,20190125,1800,109.774,109.817,109.711,109.735,9449340000
USDJPY,20190125,1900,109.737,109.753,109.562,109.633,8331750001
USDJPY,20190125,2000,109.633,109.664,109.487,109.517,8163730000
USDJPY,20190125,2100,109.518,109.558,109.453,109.539,4239420000
USDJPY,20190127,2200,109.543,109.576,109.521,109.531,4428409998
USDJPY,20190127,2300,109.531,109.560,109.395,109.414,4919990000
USDJPY,20190128,0000,109.414,109.430,109.264,109.317,8192650000
USDJPY,20190128,0100,109.318,109.423,109.277,109.420,7712780000
USDJPY,20190128,0200,109.422,109.449,109.317,109.321,8053140000
USDJPY,20190128,0300,109.320,109.390,109.308,109.364,5781030000
USDJPY,20190128,0400,109.364,109.419,109.334,109.394,4452830000
USDJPY,20190128,0500,109.394,109.414,109.285,109.310,5505920000
USDJPY,20190128,0600,109.311,109.355,109.273,109.316,5667410000
USDJPY,20190128,0700,109.314,109.421,109.298,109.401,8144030000
USDJPY,20190128,0800,109.401,109.467,109.357,109.371,10226560000
USDJPY,20190128,0900,109.371,109.403,109.317,109.393,7313349998
USDJPY,20190128,1000,109.393,109.486,109.382,109.451,6230970000
USDJPY,20190128,1100,109.451,109.504,109.417,109.492,7553400000
USDJPY,20190128,1200,109.493,109.525,109.454,109.486,6535440000
USDJPY,20190128,1300,109.489,109.489,109.371,109.417,7808359998
USDJPY,20190128,1400,109.417,109.417,109.207,109.255,14352630000
USDJPY,20190128,1500,109.256,109.325,109.223,109.274,10819930001
USDJPY,20190128,1600,109.275,109.318,109.160,109.201,12170019998
USDJPY,20190128,1700,109.202,109.280,109.193,109.261,6752660000
USDJPY,20190128,1800,109.261,109.314,109.224,109.289,5519190000
USDJPY,20190128,1900,109.291,109.393,109.262,109.355,6166510000
USDJPY,20190128,2000,109.355,109.398,109.337,109.377,6389150000
USDJPY,20190128,2100,109.377,109.391,109.298,109.332,2491060000
USDJPY,20190128,2200,109.329,109.353,109.267,109.299,9665770000
USDJPY,20190128,2300,109.299,109.328,109.244,109.256,3554980000
USDJPY,20190129,0000,109.257,109.307,109.136,109.147,8190210000
USDJPY,20190129,0100,109.148,109.243,109.129,109.185,9106610000
USDJPY,20190129,0200,109.185,109.225,109.172,109.199,6036600000
USDJPY,20190129,0300,109.199,109.251,109.184,109.229,4726500000
USDJPY,20190129,0400,109.229,109.297,109.215,109.272,4215250000
USDJPY,20190129,0500,109.273,109.337,109.254,109.317,5965040000
USDJPY,20190129,0600,109.319,109.339,109.253,109.281,4217530000
USDJPY,20190129,0700,109.281,109.293,109.210,109.233,6674860000
USDJPY,20190129,0800,109.233,109.328,109.207,109.323,9104700000
USDJPY,20190129,0900,109.325,109.455,109.324,109.446,7603430001
USDJPY,20190129,1000,109.446,109.454,109.377,109.424,6507760000
USDJPY,20190129,1100,109.424,109.461,109.414,109.455,5908400000
USDJPY,20190129,1200,109.455,109.476,109.437,109.467,5919099999
USDJPY,20190129,1300,109.467,109.541,109.451,109.484,8701070000
USDJPY,20190129,1400,109.484,109.497,109.368,109.444,10340470000
USDJPY,20190129,1500,109.443,109.445,109.287,109.332,15930600000
USDJPY,20190129,1600,109.331,109.377,109.281,109.367,10737819999
USDJPY,20190129,1700,109.367,109.417,109.335,109.381,7407260000
USDJPY,20190129,1800,109.380,109.432,109.352,109.420,7734700000
USDJPY,20190129,1900,109.419,109.421,109.274,109.274,7444770001
USDJPY,20190129,2000,109.272,109.348,109.270,109.346,7376140000
USDJPY,20190129,2100,109.348,109.443,109.326,109.385,3491920000
USDJPY,20190129,2200,109.385,109.386,109.251,109.358,7008070000
USDJPY,20190129,2300,109.360,109.440,109.357,109.427,3470820000
USDJPY,20190130,0000,109.426,109.428,109.345,109.380,9205950000
USDJPY,20190130,0100,109.380,109.410,109.211,109.270,9231289999
USDJPY,20190130,0200,109.268,109.310,109.232,109.273,6213990000
USDJPY,20190130,0300,109.273,109.400,109.273,109.373,5172990000
USDJPY,20190130,0400,109.374,109.380,109.338,109.364,3864990000
USDJPY,20190130,0500,109.365,109.366,109.271,109.272,4075580000
USDJPY,20190130,0600,109.272,109.298,109.242,109.259,5246810000
USDJPY,20190130,0700,109.259,109.327,109.253,109.312,7444200000
USDJPY,20190130,0800,109.312,109.392,109.299,109.370,9623749999
USDJPY,20190130,0900,109.370,109.372,109.332,109.359,5181440000
USDJPY,20190130,1000,109.360,109.402,109.351,109.402,5027220000
USDJPY,20190130,1100,109.402,109.445,109.367,109.407,4682060000
USDJPY,20190130,1200,109.406,109.441,109.394,109.427,7315440000
USDJPY,20190130,1300,109.427,109.581,109.425,109.572,11015930000
USDJPY,20190130,1400,109.571,109.743,109.561,109.666,15593480000
USDJPY,20190130,1500,109.668,109.670,109.561,109.588,12799440000
USDJPY,20190130,1600,109.588,109.636,109.568,109.575,7551450000
USDJPY,20190130,1700,109.574,109.591,109.519,109.524,4235610000
USDJPY,20190130,1800,109.524,109.552,109.497,109.533,5614460000
USDJPY,20190130,1900,109.534,109.536,108.808,108.931,22975240001
USDJPY,20190130,2000,108.929,108.996,108.855,108.953,11731130000
USDJPY,20190130,2100,108.953,109.047,108.946,109.033,3558890001
USDJPY,20190130,2200,109.035,109.071,108.973,109.063,6180090000
USDJPY,20190130,2300,109.063,109.063,108.932,108.977,4527960000
USDJPY,20190131,0000,108.976,108.977,108.842,108.941,11097870000
USDJPY,20190131,0100,108.940,109.002,108.871,108.897,9044880000
USDJPY,20190131,0200,108.896,108.923,108.847,108.868,6868960001
USDJPY,20190131,0300,108.868,108.906,108.770,108.884,7244100000
USDJPY,20190131,0400,108.883,108.883,108.805,108.818,3917220000
USDJPY,20190131,0500,108.818,108.821,108.696,108.736,5670600000
USDJPY,20190131,0600,108.737,108.805,108.706,108.792,4402660000
USDJPY,20190131,0700,108.793,108.806,108.677,108.734,9428750001
USDJPY,20190131,0800,108.735,108.772,108.634,108.734,9707240000
USDJPY,20190131,0900,108.734,108.772,108.524,108.560,9037120000
USDJPY,20190131,1000,108.560,108.625,108.527,108.598,7758370000
USDJPY,20190131,1100,108.599,108.664,108.567,108.640,6229690000
USDJPY,20190131,1200,108.640,108.673,108.553,108.652,6749420000
USDJPY,20190131,1300,108.652,108.673,108.540,108.565,10315140001
USDJPY,20190131,1400,108.562,108.685,108.497,108.661,12864110000
USDJPY,20190131,1500,108.663,108.848,108.637,108.831,10411260000
USDJPY,20190131,1600,108.831,108.899,108.790,108.838,11777950000
USDJPY,20190131,1700,108.838,108.901,108.805,108.819,8232209999
USDJPY,20190131,1800,108.821,108.870,108.786,108.869,6471170000
USDJPY,20190131,1900,108.869,108.900,108.830,108.877,4673700000
USDJPY,20190131,2000,108.876,108.943,108.793,108.917,6040760000
USDJPY,20190131,2100,108.916,108.933,108.842,108.861,2971000000
USDJPY,20190131,2200,108.858,108.872,108.800,108.836,4744120000
USDJPY,20190131,2300,108.836,108.874,108.823,108.846,3142320000
USDJPY,20190201,0000,108.846,108.967,108.796,108.826,7624600000
USDJPY,20190201,0100,108.826,108.919,108.725,108.812,10203510000
USDJPY,20190201,0200,108.812,108.918,108.781,108.918,7226500000
USDJPY,20190201,0300,108.918,108.937,108.847,108.851,4648220000
USDJPY,20190201,0400,108.851,108.891,108.848,108.860,3799120000
USDJPY,20190201,0500,108.858,108.905,108.836,108.892,4061530000
USDJPY,20190201,0600,108.893,108.902,108.852,108.875,3418600000
USDJPY,20190201,0700,108.875,108.972,108.865,108.934,4588840001
USDJPY,20190201,0800,108.938,108.969,108.916,108.936,7356630000
USDJPY,20190201,0900,108.935,108.935,108.870,108.915,8444299998
USDJPY,20190201,1000,108.914,108.936,108.872,108.885,4457950000
USDJPY,20190201,1100,108.885,108.904,108.861,108.887,3916910000
USDJPY,20190201,1200,108.887,108.926,108.886,108.900,4664410000
USDJPY,20190201,1300,108.899,109.088,108.883,108.982,13010170000
USDJPY,20190201,1400,108.980,109.144,108.980,109.109,13282460000
USDJPY,20190201,1500,109.110,109.473,109.110,109.362,16686360000
USDJPY,20190201,1600,109.362,109.573,109.355,109.546,8258030002
USDJPY,20190201,1700,109.547,109.580,109.509,109.557,6609550000
USDJPY,20190201,1800,109.558,109.578,109.508,109.525,5145900000
USDJPY,20190201,1900,109.526,109.566,109.506,109.521,5460120000
USDJPY,20190201,2000,109.522,109.545,109.480,109.512,4205100000
USDJPY,20190201,2100,109.511,109.527,109.457,109.504,2888320000
USDJPY,20190203,2200,109.510,109.533,109.461,109.483,11968110000
USDJPY,20190203,2300,109.479,109.493,109.432,109.445,3716620000
USDJPY,20190204,0000,109.443,109.591,109.440,109.555,7208400000
USDJPY,20190204,0100,109.559,109.604,109.474,109.544,7696330000
USDJPY,20190204,0200,109.545,109.572,109.497,109.563,5278590000
USDJPY,20190204,0300,109.564,109.637,109.561,109.615,3974550000
USDJPY,20190204,0400,109.615,109.785,109.599,109.762,6107930000
USDJPY,20190204,0500,109.762,109.772,109.719,109.748,2804720000
USDJPY,20190204,0600,109.747,109.828,109.737,109.775,3994330000
USDJPY,20190204,0700,109.774,109.850,109.749,109.834,6133490000
USDJPY,20190204,0800,109.835,109.908,109.822,109.849,8435610000
USDJPY,20190204,0900,109.849,109.921,109.849,109.879,6800410000
USDJPY,20190204,1000,109.879,109.913,109.860,109.881,5653670000
USDJPY,20190204,1100,109.881,109.891,109.844,109.870,5956790000
USDJPY,20190204,1200,109.870,109.906,109.856,109.872,5400090000
USDJPY,20190204,1300,109.872,110.025,109.870,109.997,6674960000
USDJPY,20190204,1400,109.996,110.161,109.981,110.122,10185129999
USDJPY,20190204,1500,110.123,110.123,109.956,110.045,11773049999
USDJPY,20190204,1600,110.043,110.079,109.957,109.958,7868680001
USDJPY,20190204,1700,109.959,109.968,109.863,109.905,5714780000
USDJPY,20190204,1800,109.906,109.932,109.837,109.864,3964230000
USDJPY,20190204,1900,109.863,109.923,109.827,109.919,4034140000
USDJPY,20190204,2000,109.922,109.944,109.882,109.935,4675910000
USDJPY,20190204,2100,109.932,109.935,109.865,109.874,2120150000
USDJPY,20190204,2200,109.874,109.925,109.839,109.901,11925540000
USDJPY,20190204,2300,109.904,109.982,109.901,109.978,4460990000
USDJPY,20190205,0000,109.979,110.021,109.931,109.998,7993390000
USDJPY,20190205,0100,109.997,110.041,109.957,110.025,5054350000
USDJPY,20190205,0200,110.025,110.036,109.968,109.975,2831460000
USDJPY,20190205,0300,109.975,109.991,109.954,109.955,2343080000
USDJPY,20190205,0400,109.955,109.960,109.873,109.892,3586170000
USDJPY,20190205,0500,109.891,109.901,109.778,109.818,3867939999
USDJPY,20190205,0600,109.818,109.919,109.816,109.903,2901100000
USDJPY,20190205,0700,109.905,109.926,109.834,109.856,3754860000
USDJPY,20190205,0800,109.856,109.932,109.843,109.887,6436040000
USDJPY,20190205,0900,109.888,110.003,109.884,110.000,5703960000
USDJPY,20190205,1000,110.001,110.040,109.925,109.938,5069450000
USDJPY,20190205,1100,109.939,109.975,109.922,109.935,4445580000
USDJPY,20190205,1200,109.934,109.965,109.926,109.955,4529280001
USDJPY,20190205,1300,109.954,109.979,109.794,109.880,7349809979
USDJPY,20190205,1400,109.879,109.957,109.838,109.947,7882050000
USDJPY,20190205,1500,109.945,109.950,109.822,109.900,11624620000
USDJPY,20190205,1600,109.901,109.993,109.831,109.987,7431170000
USDJPY,20190205,1700,109.987,109.998,109.895,109.919,4952320000
USDJPY,20190205,1800,109.919,109.955,109.841,109.949,4749480000
USDJPY,20190205,1900,109.953,109.993,109.931,109.977,4684760000
USDJPY,20190205,2000,109.977,109.986,109.918,109.944,5857580000
USDJPY,20190205,2100,109.943,109.991,109.907,109.960,3651490000
USDJPY,20190205,2200,109.960,109.975,109.920,109.949,7323010000
USDJPY,20190205,2300,109.950,109.986,109.930,109.942,3130780000
USDJPY,20190206,0000,109.942,109.953,109.822,109.841,6047600000
USDJPY,20190206,0100,109.840,110.000,109.812,109.988,6534000000
USDJPY,20190206,0200,109.988,110.051,109.628,109.697,10035950000
USDJPY,20190206,0300,109.696,109.812,109.695,109.795,3872480000
USDJPY,20190206,0400,109.795,109.841,109.748,109.757,4252110000
USDJPY,20190206,0500,109.758,109.781,109.740,109.755,2672950000
USDJPY,20190206,0600,109.755,109.824,109.741,109.806,3415420000
USDJPY,20190206,0700,109.806,109.819,109.656,109.659,8051310000
USDJPY,20190206,0800,109.659,109.707,109.573,109.595,8826090001
USDJPY,20190206,0900,109.595,109.684,109.560,109.657,6775110000
USDJPY,20190206,1000,109.659,109.684,109.618,109.672,5323800000
USDJPY,20190206,1100,109.672,109.760,109.667,109.755,5623280000
USDJPY,20190206,1200,109.755,109.774,109.730,109.748,4971790000
USDJPY,20190206,1300,109.751,109.841,109.725,109.791,6347460000
USDJPY,20190206,1400,109.790,109.790,109.687,109.736,9493310000
USDJPY,20190206,1500,109.736,109.844,109.654,109.815,9105650000
USDJPY,20190206,1600,109.816,109.821,109.731,109.751,7990080000
USDJPY,20190206,1700,109.751,109.769,109.717,109.749,5338670000
USDJPY,20190206,1800,109.749,110.003,109.749,109.950,7594200000
USDJPY,20190206,1900,109.951,110.000,109.940,109.973,5454130001
USDJPY,20190206,2000,109.973,109.983,109.935,109.948,4021120001
USDJPY,20190206,2100,109.949,110.043,109.942,109.964,3234940000
USDJPY,20190206,2200,109.963,110.017,109.930,109.932,5193370002
USDJPY,20190206,2300,109.930,110.009,109.902,109.986,3954570000
USDJPY,20190207,0000,109.986,110.034,109.842,109.888,8755720000
USDJPY,20190207,0100,109.887,109.898,109.725,109.816,7096670000
USDJPY,20190207,0200,109.816,109.877,109.751,109.870,4693980000
USDJPY,20190207,0300,109.870,109.905,109.855,109.893,3857850000
USDJPY,20190207,0400,109.892,110.006,109.890,109.922,4537240000
USDJPY,20190207,0500,109.921,109.955,109.895,109.947,3242630000
USDJPY,20190207,0600,109.946,109.971,109.909,109.957,4454020000
USDJPY,20190207,0700,109.956,109.973,109.894,109.922,5151940000
USDJPY,20190207,0800,109.924,110.086,109.900,110.021,8543110001
USDJPY,20190207,0900,110.021,110.027,109.959,110.012,7220220000
USDJPY,20190207,1000,110.012,110.015,109.824,109.861,9227480000
USDJPY,20190207,1100,109.860,109.882,109.797,109.820,7947390000
USDJPY,20190207,1200,109.820,109.823,109.635,109.657,8796080002
USDJPY,20190207,1300,109.656,109.789,109.605,109.765,10818600000
USDJPY,20190207,1400,109.765,109.788,109.657,109.762,12440450000
USDJPY,20190207,1500,109.763,109.841,109.700,109.747,14585769999
USDJPY,20190207,1600,109.748,109.781,109.617,109.720,14675469998
USDJPY,20190207,1700,109.719,109.828,109.679,109.793,12129319999
USDJPY,20190207,1800,109.792,109.868,109.767,109.841,9888250000
USDJPY,20190207,1900,109.840,109.875,109.747,109.836,9577350000
USDJPY,20190207,2000,109.836,109.874,109.802,109.852,5300810000
USDJPY,20190207,2100,109.851,109.852,109.787,109.804,3113550000
USDJPY,20190207,2200,109.791,109.839,109.730,109.772,9612090000
USDJPY,20190207,2300,109.772,109.817,109.754,109.754,3129150000
USDJPY,20190208,0000,109.753,109.842,109.712,109.737,10038240000
USDJPY,20190208,0100,109.737,109.770,109.671,109.734,6187499999
USDJPY,20190208,0200,109.733,109.770,109.648,109.761,4987250000
USDJPY,20190208,0300,109.762,109.786,109.722,109.779,3589760000
USDJPY,20190208,0400,109.778,109.796,109.688,109.713,4373440000
USDJPY,20190208,0500,109.713,109.762,109.695,109.741,3149980000
USDJPY,20190208,0600,109.740,109.750,109.678,109.727,3553969998
USDJPY,20190208,0700,109.730,109.795,109.702,109.747,5355870000
USDJPY,20190208,0800,109.745,109.836,109.742,109.790,8127590000
USDJPY,20190208,0900,109.791,109.897,109.785,109.837,6023909995
USDJPY,20190208,1000,109.838,109.872,109.795,109.851,6320370000
USDJPY,20190208,1100,109.852,109.882,109.804,109.822,5716360000
USDJPY,20190208,1200,109.822,109.835,109.747,109.761,6722890000
USDJPY,20190208,1300,109.760,109.876,109.751,109.820,8010880000
USDJPY,20190208,1400,109.821,109.844,109.713,109.733,12359300000
USDJPY,20190208,1500,109.733,109.790,109.694,109.726,16702030000
USDJPY,20190208,1600,109.726,109.767,109.665,109.763,10338380003
USDJPY,20190208,1700,109.762,109.769,109.700,109.721,6225580000
USDJPY,20190208,1800,109.721,109.806,109.709,109.785,4854910000
USDJPY,20190208,1900,109.784,109.820,109.765,109.772,3435330000
USDJPY,20190208,2000,109.771,109.800,109.756,109.796,3135810000
USDJPY,20190208,2100,109.796,109.797,109.718,109.724,2279450000
USDJPY,20190210,2200,109.729,109.850,109.729,109.805,6918320000
USDJPY,20190210,2300,109.809,109.865,109.791,109.813,2495520000
USDJPY,20190211,0000,109.816,109.846,109.804,109.828,2414770000
USDJPY,20190211,0100,109.827,109.834,109.774,109.802,3747530000
USDJPY,20190211,0200,109.801,109.900,109.790,109.897,3183480001
USDJPY,20190211,0300,109.896,109.985,109.886,109.972,4748360000
USDJPY,20190211,0400,109.971,110.016,109.932,109.995,3837930000
USDJPY,20190211,0500,109.995,109.995,109.946,109.982,2993220000
USDJPY,20190211,0600,109.982,109.982,109.943,109.977,2074580000
USDJPY,20190211,0700,109.976,110.001,109.951,109.981,4228790000
USDJPY,20190211,0800,109.982,110.093,109.955,110.088,7902350000
USDJPY,20190211,0900,110.088,110.281,110.083,110.251,9663270000
USDJPY,20190211,1000,110.251,110.265,110.167,110.186,5465480000
USDJPY,20190211,1100,110.187,110.211,110.106,110.122,6206980002
USDJPY,20190211,1200,110.121,110.226,110.107,110.219,5471670000
USDJPY,20190211,1300,110.220,110.411,110.198,110.363,9774170000
USDJPY,20190211,1400,110.364,110.457,110.352,110.406,11476290000
USDJPY,20190211,1500,110.406,110.448,110.342,110.391,12112260000
USDJPY,20190211,1600,110.392,110.421,110.315,110.406,8137050001
USDJPY,20190211,1700,110.405,110.462,110.393,110.453,5733590000
USDJPY,20190211,1800,110.453,110.468,110.410,110.431,4100790000
USDJPY,20190211,1900,110.431,110.436,110.382,110.399,3921170000
USDJPY,20190211,2000,110.401,110.406,110.355,110.399,4257180001
USDJPY,20190211,2100,110.396,110.396,110.360,110.361,2408380000
USDJPY,20190211,2200,110.361,110.396,110.336,110.383,11292330000
USDJPY,20190211,2300,110.383,110.492,110.355,110.393,6452600000
USDJPY,20190212,0000,110.394,110.540,110.380,110.508,9129370000
USDJPY,20190212,0100,110.506,110.537,110.346,110.466,11406280000
USDJPY,20190212,0200,110.466,110.496,110.403,110.476,5963950000
USDJPY,20190212,0300,110.476,110.651,110.430,110.648,5462360000
USDJPY,20190212,0400,110.647,110.647,110.551,110.592,4810910000
USDJPY,20190212,0500,110.591,110.615,110.540,110.573,4120410000
USDJPY,20190212,0600,110.573,110.594,110.517,110.530,3948950000
USDJPY,20190212,0700,110.532,110.617,110.492,110.616,5755000000
USDJPY,20190212,0800,110.618,110.647,110.530,110.620,7011560000
USDJPY,20190212,0900,110.620,110.625,110.540,110.546,5266790000
USDJPY,20190212,1000,110.546,110.562,110.466,110.486,4769900000
USDJPY,20190212,1100,110.486,110.548,110.479,110.531,3446310000
USDJPY,20190212,1200,110.535,110.542,110.401,110.405,5585080000
USDJPY,20190212,1300,110.406,110.438,110.365,110.434,5643520000
USDJPY,20190212,1400,110.435,110.469,110.344,110.469,7629020000
USDJPY,20190212,1500,110.471,110.535,110.469,110.511,7719780000
USDJPY,20190212,1600,110.510,110.537,110.481,110.509,7630100000
USDJPY,20190212,1700,110.509,110.550,110.431,110.516,7327970000
USDJPY,20190212,1800,110.515,110.521,110.435,110.520,6765620000
USDJPY,20190212,1900,110.520,110.520,110.475,110.511,3681360000
USDJPY,20190212,2000,110.512,110.520,110.467,110.474,3412660000
USDJPY,20190212,2100,110.474,110.498,110.453,110.476,2790510000
USDJPY,20190212,2200,110.462,110.499,110.420,110.463,8544390000
USDJPY,20190212,2300,110.466,110.537,110.428,110.513,3288170000
USDJPY,20190213,0000,110.514,110.576,110.497,110.537,7211200000
USDJPY,20190213,0100,110.537,110.640,110.515,110.582,8260539999
USDJPY,20190213,0200,110.583,110.622,110.568,110.617,4203000000
USDJPY,20190213,0300,110.617,110.704,110.609,110.648,4911230000
USDJPY,20190213,0400,110.650,110.660,110.576,110.599,3074070000
USDJPY,20190213,0500,110.598,110.638,110.597,110.628,2989050000
USDJPY,20190213,0600,110.629,110.647,110.578,110.622,3422490000
USDJPY,20190213,0700,110.622,110.687,110.619,110.685,5846380001
USDJPY,20190213,0800,110.684,110.766,110.653,110.674,6294920000
USDJPY,20190213,0900,110.674,110.732,110.663,110.685,6179850000
USDJPY,20190213,1000,110.685,110.706,110.672,110.694,3323600000
USDJPY,20190213,1100,110.694,110.701,110.591,110.621,5716000000
USDJPY,20190213,1200,110.620,110.738,110.619,110.731,4347380000
USDJPY,20190213,1300,110.732,110.868,110.695,110.851,9867320000
USDJPY,20190213,1400,110.851,110.887,110.787,110.811,9520360000
USDJPY,20190213,1500,110.811,110.881,110.754,110.876,8931750001
USDJPY,20190213,1600,110.875,110.885,110.791,110.854,8052110000
USDJPY,20190213,1700,110.855,110.932,110.851,110.888,4796470000
USDJPY,20190213,1800,110.889,110.931,110.869,110.930,2930450000
USDJPY,20190213,1900,110.930,110.994,110.921,110.992,2985130000
USDJPY,20190213,2000,110.992,111.016,110.974,110.998,3974410000
USDJPY,20190213,2100,110.999,111.052,110.991,111.002,2206510000
USDJPY,20190213,2200,111.003,111.036,110.962,111.032,4626829990
USDJPY,20190213,2300,111.032,111.033,110.926,110.930,2496110000
USDJPY,20190214,0000,110.929,111.003,110.865,110.940,9798059999
USDJPY,20190214,0100,110.941,111.056,110.927,110.980,6719710000
USDJPY,20190214,0200,110.981,111.013,110.953,110.964,5557730000
USDJPY,20190214,0300,110.963,111.128,110.957,111.071,6240180000
USDJPY,20190214,0400,111.070,111.075,111.010,111.026,3479270000
USDJPY,20190214,0500,111.026,111.049,111.009,111.026,3698880000
USDJPY,20190214,0600,111.026,111.065,111.015,111.044,4225560000
USDJPY,20190214,0700,111.044,111.124,111.038,111.066,5954550000
USDJPY,20190214,0800,111.066,111.110,111.030,111.061,8175710000
USDJPY,20190214,0900,111.061,111.065,110.958,110.997,6216670000
USDJPY,20190214,1000,110.996,111.060,110.986,111.043,5143950000
USDJPY,20190214,1100,111.042,111.086,111.027,111.054,4308030000
USDJPY,20190214,1200,111.054,111.066,111.009,111.038,4895470000
USDJPY,20190214,1300,111.037,111.071,110.587,110.606,16552120000
USDJPY,20190214,1400,110.606,110.657,110.501,110.616,17653730000
USDJPY,20190214,1500,110.616,110.821,110.587,110.703,17474509998
USDJPY,20190214,1600,110.702,110.744,110.653,110.683,11477500000
USDJPY,20190214,1700,110.685,110.713,110.579,110.588,5878130000
USDJPY,20190214,1800,110.588,110.647,110.588,110.618,4972950000
USDJPY,20190214,1900,110.618,110.623,110.456,110.480,5145479998
USDJPY,20190214,2000,110.481,110.588,110.476,110.517,5915960000
USDJPY,20190214,2100,110.517,110.535,110.448,110.466,2691120000
USDJPY,20190214,2200,110.463,110.524,110.404,110.487,9916930000
USDJPY,20190214,2300,110.484,110.548,110.452,110.540,3744220000
USDJPY,20190215,0000,110.539,110.548,110.366,110.380,11126320000
USDJPY,20190215,0100,110.378,110.436,110.305,110.342,8551609999
USDJPY,20190215,0200,110.344,110.352,110.271,110.271,5248570000
USDJPY,20190215,0300,110.272,110.323,110.261,110.309,3945579999
USDJPY,20190215,0400,110.309,110.330,110.285,110.302,3325540000
USDJPY,20190215,0500,110.301,110.351,110.286,110.336,3685770000
USDJPY,20190215,0600,110.338,110.398,110.327,110.397,4361770000
USDJPY,20190215,0700,110.398,110.473,110.265,110.316,8649050000
USDJPY,20190215,0800,110.315,110.360,110.252,110.343,8024090003
USDJPY,20190215,0900,110.343,110.408,110.319,110.399,6179120000
USDJPY,20190215,1000,110.399,110.458,110.389,110.456,5903700000
USDJPY,20190215,1100,110.454,110.474,110.410,110.417,6541670000
USDJPY,20190215,1200,110.417,110.531,110.412,110.517,7863730000
USDJPY,20190215,1300,110.515,110.645,110.510,110.569,10406610000
USDJPY,20190215,1400,110.570,110.583,110.392,110.421,15818019999
USDJPY,20190215,1500,110.421,110.558,110.379,110.533,12156820000
USDJPY,20190215,1600,110.533,110.567,110.485,110.548,9464740000
USDJPY,20190215,1700,110.548,110.572,110.520,110.559,4650800000
USDJPY,20190215,1800,110.558,110.575,110.403,110.438,6918600002
USDJPY,20190215,1900,110.437,110.481,110.432,110.450,4536290000
USDJPY,20190215,2000,110.448,110.451,110.399,110.405,3415920000
USDJPY,20190215,2100,110.406,110.478,110.395,110.458,2560660000
USDJPY,20190217,2200,110.439,110.525,110.439,110.501,7397669994
USDJPY,20190217,2300,110.501,110.576,110.484,110.574,7458289994
USDJPY,20190218,0000,110.572,110.572,110.457,110.520,8242930000
USDJPY,20190218,0100,110.520,110.563,110.492,110.529,6619610000
USDJPY,20190218,0200,110.528,110.563,110.505,110.531,4061550003
USDJPY,20190218,0300,110.531,110.532,110.500,110.508,3807560008
USDJPY,20190218,0400,110.507,110.545,110.488,110.544,3154670003
USDJPY,20190218,0500,110.543,110.555,110.516,110.531,3568480000
USDJPY,20190218,0600,110.531,110.566,110.530,110.557,4038899999
USDJPY,20190218,0700,110.556,110.589,110.543,110.554,4575059997
USDJPY,20190218,0800,110.554,110.612,110.548,110.577,5271740000
USDJPY,20190218,0900,110.578,110.605,110.530,110.543,4079540000
USDJPY,20190218,1000,110.542,110.562,110.522,110.547,5071349998
USDJPY,20190218,1100,110.546,110.555,110.518,110.524,4337709996
USDJPY,20190218,1200,110.523,110.555,110.518,110.540,3482500000
USDJPY,20190218,1300,110.539,110.590,110.534,110.590,3572290000
USDJPY,20190218,1400,110.591,110.610,110.569,110.588,4475360000
USDJPY,20190218,1500,110.588,110.604,110.567,110.594,5844960001
USDJPY,20190218,1600,110.594,110.602,110.555,110.586,5399750003
USDJPY,20190218,1700,110.587,110.599,110.560,110.560,3448290003
USDJPY,20190218,1800,110.562,110.602,110.562,110.581,6409540000
USDJPY,20190218,1900,110.581,110.605,110.579,110.580,4940420000
USDJPY,20190218,2000,110.581,110.604,110.570,110.584,7168530000
USDJPY,20190218,2100,110.585,110.652,110.583,110.591,10869100000
USDJPY,20190218,2200,110.590,110.619,110.556,110.616,3965430000
USDJPY,20190218,2300,110.616,110.617,110.580,110.595,4197620000
USDJPY,20190219,0000,110.595,110.628,110.517,110.533,6688270000
USDJPY,20190219,0100,110.533,110.559,110.453,110.516,6535970001
USDJPY,20190219,0200,110.520,110.531,110.475,110.516,3957219999
USDJPY,20190219,0300,110.518,110.520,110.459,110.481,4342769999
USDJPY,20190219,0400,110.481,110.698,110.467,110.655,7009170002
USDJPY,20190219,0500,110.655,110.658,110.595,110.622,4968229999
USDJPY,20190219,0600,110.621,110.710,110.606,110.682,4347380000
USDJPY,20190219,0700,110.681,110.706,110.653,110.659,5278439999
USDJPY,20190219,0800,110.660,110.812,110.633,110.795,11177539975
USDJPY,20190219,0900,110.795,110.802,110.709,110.767,6805799999
USDJPY,20190219,1000,110.768,110.817,110.763,110.812,4613580002
USDJPY,20190219,1100,110.812,110.823,110.740,110.775,6192539998
USDJPY,20190219,1200,110.776,110.798,110.737,110.763,5774499998
USDJPY,20190219,1300,110.763,110.772,110.632,110.656,5945230003
USDJPY,20190219,1400,110.656,110.656,110.554,110.638,10700020000
USDJPY,20190219,1500,110.641,110.703,110.525,110.553,9188729999
USDJPY,20190219,1600,110.555,110.682,110.552,110.676,13181790008
USDJPY,20190219,1700,110.676,110.687,110.505,110.519,7765080001
USDJPY,20190219,1800,110.520,110.565,110.490,110.558,5980579984
USDJPY,20190219,1900,110.557,110.700,110.547,110.657,6039870001
USDJPY,20190219,2000,110.658,110.661,110.595,110.607,5895620000
USDJPY,20190219,2100,110.608,110.618,110.554,110.615,2640750002
USDJPY,20190219,2200,110.612,110.617,110.523,110.585,4289890000
USDJPY,20190219,2300,110.583,110.653,110.562,110.580,2760939999
USDJPY,20190220,0000,110.580,110.758,110.576,110.750,7756379999
USDJPY,20190220,0100,110.750,110.931,110.726,110.871,11676800008
USDJPY,20190220,0200,110.871,110.886,110.814,110.850,5321630002
USDJPY,20190220,0300,110.850,110.863,110.730,110.774,5703850005
USDJPY,20190220,0400,110.773,110.831,110.751,110.808,3841610001
USDJPY,20190220,0500,110.812,110.878,110.799,110.873,3164750000
USDJPY,20190220,0600,110.872,110.876,110.826,110.843,3115620000
USDJPY,20190220,0700,110.845,110.935,110.845,110.892,7932809988
USDJPY,20190220,0800,110.891,110.950,110.821,110.847,8217590002
USDJPY,20190220,0900,110.847,110.871,110.769,110.785,7552129999
USDJPY,20190220,1000,110.785,110.815,110.748,110.781,6056750006
USDJPY,20190220,1100,110.781,110.841,110.763,110.835,4243319997
USDJPY,20190220,1200,110.835,110.842,110.733,110.757,7100610003
USDJPY,20190220,1300,110.757,110.807,110.731,110.797,7248619997
USDJPY,20190220,1400,110.797,110.867,110.780,110.856,8871019992
USDJPY,20190220,1500,110.855,110.879,110.748,110.755,10006259992
USDJPY,20190220,1600,110.754,110.776,110.690,110.694,9619089991
USDJPY,20190220,1700,110.693,110.696,110.651,110.667,5786630000
USDJPY,20190220,1800,110.668,110.710,110.625,110.660,5516150005
USDJPY,20190220,1900,110.666,110.878,110.661,110.825,14851490000
USDJPY,20190220,2000,110.826,110.855,110.772,110.841,7109960001
USDJPY,20190220,2100,110.840,110.903,110.817,110.845,2590680000
USDJPY,20190220,2200,110.839,110.861,110.785,110.801,5782000000
USDJPY,20190220,2300,110.801,110.828,110.750,110.750,1810130000
USDJPY,20190221,0000,110.751,110.786,110.657,110.676,7609720000
USDJPY,20190221,0100,110.676,110.721,110.592,110.709,8326349999
USDJPY,20190221,0200,110.710,110.853,110.699,110.848,7916270000
USDJPY,20190221,0300,110.849,110.855,110.788,110.813,6856770014
USDJPY,20190221,0400,110.812,110.812,110.742,110.791,3108130001
USDJPY,20190221,0500,110.791,110.818,110.712,110.723,6758880003
USDJPY,20190221,0600,110.725,110.779,110.692,110.771,4922860003
USDJPY,20190221,0700,110.772,110.828,110.747,110.762,7974559996
USDJPY,20190221,0800,110.762,110.777,110.693,110.743,9087589998
USDJPY,20190221,0900,110.743,110.745,110.663,110.701,5561990000
USDJPY,20190221,1000,110.702,110.741,110.692,110.736,5488960000
USDJPY,20190221,1100,110.737,110.771,110.727,110.747,5201580000
USDJPY,20190221,1200,110.747,110.757,110.665,110.707,7353880001
USDJPY,20190221,1300,110.707,110.725,110.568,110.641,11528369997
USDJPY,20190221,1400,110.641,110.700,110.571,110.664,11345630000
USDJPY,20190221,1500,110.665,110.704,110.616,110.662,13652130004
USDJPY,20190221,1600,110.661,110.738,110.649,110.716,11538149998
USDJPY,20190221,1700,110.716,110.814,110.714,110.801,7710099996
USDJPY,20190221,1800,110.801,110.835,110.757,110.769,6166559995
USDJPY,20190221,1900,110.769,110.785,110.661,110.662,5434370001
USDJPY,20190221,2000,110.663,110.725,110.663,110.700,5364030009
USDJPY,20190221,2100,110.702,110.714,110.680,110.692,2131240000
USDJPY,20190221,2200,110.691,110.710,110.625,110.664,4019540000
USDJPY,20190221,2300,110.668,110.730,110.650,110.705,3509150005
USDJPY,20190222,0000,110.708,110.729,110.628,110.711,6476280000
USDJPY,20190222,0100,110.711,110.754,110.680,110.706,9396120000
USDJPY,20190222,0200,110.705,110.766,110.703,110.745,7519880011
USDJPY,20190222,0300,110.745,110.759,110.726,110.738,5094329999
USDJPY,20190222,0400,110.738,110.808,110.732,110.781,3716620002
USDJPY,20190222,0500,110.781,110.795,110.745,110.757,4226730003
USDJPY,20190222,0600,110.756,110.788,110.750,110.757,3996639997
USDJPY,20190222,0700,110.760,110.766,110.709,110.741,7051189975
USDJPY,20190222,0800,110.741,110.797,110.720,110.774,6102539999
USDJPY,20190222,0900,110.773,110.854,110.751,110.835,6182600002
USDJPY,20190222,1000,110.839,110.905,110.832,110.869,6554869990
USDJPY,20190222,1100,110.868,110.886,110.848,110.868,3546969999
USDJPY,20190222,1200,110.868,110.886,110.853,110.862,3961389999
USDJPY,20190222,1300,110.861,110.887,110.662,110.692,10347849993
USDJPY,20190222,1400,110.691,110.747,110.644,110.688,10274129998
USDJPY,20190222,1500,110.688,110.771,110.629,110.755,13653519996
USDJPY,20190222,1600,110.757,110.760,110.680,110.703,8496849999
USDJPY,20190222,1700,110.703,110.703,110.557,110.578,8330820002
USDJPY,20190222,1800,110.578,110.665,110.571,110.655,5507739999
USDJPY,20190222,1900,110.655,110.699,110.607,110.698,6711160000
USDJPY,20190222,2000,110.699,110.699,110.651,110.678,6318600000
USDJPY,20190222,2100,110.677,110.694,110.628,110.637,2713720000
USDJPY,20190224,2200,110.649,110.781,110.647,110.762,9104739999
USDJPY,20190224,2300,110.762,110.797,110.752,110.773,4991290000
USDJPY,20190225,0000,110.773,110.860,110.733,110.756,6885250001
USDJPY,20190225,0100,110.756,110.780,110.648,110.678,7113450001
USDJPY,20190225,0200,110.680,110.710,110.582,110.610,8294920008
USDJPY,20190225,0300,110.611,110.645,110.606,110.643,5443460002
USDJPY,20190225,0400,110.642,110.673,110.641,110.672,4235919998
USDJPY,20190225,0500,110.671,110.691,110.617,110.629,6064930002
USDJPY,20190225,0600,110.629,110.633,110.577,110.606,4607690003
USDJPY,20190225,0700,110.607,110.696,110.598,110.624,6783380001
USDJPY,20190225,0800,110.626,110.682,110.608,110.682,6317280002
USDJPY,20190225,0900,110.682,110.719,110.662,110.688,4619280001
USDJPY,20190225,1000,110.688,110.745,110.662,110.732,5562730005
USDJPY,20190225,1100,110.733,110.764,110.726,110.731,4421270001
USDJPY,20190225,1200,110.731,110.752,110.688,110.727,5237340000
USDJPY,20190225,1300,110.728,110.826,110.727,110.808,7266910006
USDJPY,20190225,1400,110.808,110.846,110.759,110.825,9842339998
USDJPY,20190225,1500,110.827,110.913,110.787,110.862,12150490000
USDJPY,20190225,1600,110.864,111.083,110.857,111.075,11429180000
USDJPY,20190225,1700,111.077,111.234,111.063,111.191,11100690006
USDJPY,20190225,1800,111.191,111.194,111.091,111.096,6421400000
USDJPY,20190225,1900,111.098,111.136,111.083,111.135,4815510003
USDJPY,20190225,2000,111.135,111.136,111.017,111.033,7550560001
USDJPY,20190225,2100,111.032,111.071,111.027,111.061,2167160001
USDJPY,20190225,2200,111.061,111.078,111.006,111.068,7335840010
USDJPY,20190225,2300,111.067,111.074,111.019,111.040,2852340000
USDJPY,20190226,0000,111.040,111.076,110.971,111.007,8165560002
USDJPY,20190226,0100,111.008,111.057,110.913,110.914,9841540014
USDJPY,20190226,0200,110.913,110.914,110.753,110.785,12478339999
USDJPY,20190226,0300,110.784,110.820,110.758,110.795,4627950000
USDJPY,20190226,0400,110.796,110.826,110.796,110.811,4382619996
USDJPY,20190226,0500,110.811,110.836,110.767,110.787,5085969991
USDJPY,20190226,0600,110.787,110.840,110.776,110.820,3895760003
USDJPY,20190226,0700,110.820,110.838,110.758,110.831,6703540001
USDJPY,20190226,0800,110.832,110.870,110.805,110.837,5511140002
USDJPY,20190226,0900,110.837,110.886,110.810,110.838,4776140002
USDJPY,20190226,1000,110.838,110.878,110.798,110.873,7270559998
USDJPY,20190226,1100,110.872,110.881,110.827,110.878,5165479998
USDJPY,20190226,1200,110.877,110.892,110.825,110.881,6138930003
USDJPY,20190226,1300,110.881,110.881,110.665,110.683,10781600009
USDJPY,20190226,1400,110.684,110.809,110.676,110.747,12731240016
USDJPY,20190226,1500,110.746,110.868,110.700,110.732,13172799999
USDJPY,20190226,1600,110.732,110.784,110.701,110.767,12486619993
USDJPY,20190226,1700,110.767,110.803,110.713,110.719,5329849999
USDJPY,20190226,1800,110.719,110.755,110.666,110.685,6440329998
USDJPY,20190226,1900,110.685,110.695,110.424,110.505,9603050008
USDJPY,20190226,2000,110.506,110.607,110.506,110.565,6395220000
USDJPY,20190226,2100,110.570,110.598,110.558,110.580,1962630002
USDJPY,20190226,2200,110.581,110.589,110.530,110.565,3999480009
USDJPY,20190226,2300,110.565,110.586,110.525,110.554,3666059999
USDJPY,20190227,0000,110.552,110.579,110.514,110.535,4075070003
USDJPY,20190227,0100,110.534,110.617,110.533,110.603,12459470000
USDJPY,20190227,0200,110.601,110.603,110.553,110.577,7874739996
USDJPY,20190227,0300,110.577,110.607,110.561,110.601,5546389999
USDJPY,20190227,0400,110.599,110.626,110.577,110.592,6646450008
USDJPY,20190227,0500,110.593,110.611,110.555,110.570,4455599998
USDJPY,20190227,0600,110.570,110.580,110.439,110.487,6613919998
USDJPY,20190227,0700,110.487,110.490,110.354,110.377,11234280016
USDJPY,20190227,0800,110.377,110.442,110.351,110.391,6217110002
USDJPY,20190227,0900,110.390,110.438,110.379,110.426,4918610006
USDJPY,20190227,1000,110.428,110.454,110.407,110.439,6020100006
USDJPY,20190227,1100,110.439,110.490,110.418,110.474,4419180002
USDJPY,20190227,1200,110.474,110.569,110.474,110.559,7087689998
USDJPY,20190227,1300,110.558,110.728,110.532,110.692,11194479996
USDJPY,20190227,1400,110.694,110.832,110.687,110.820,11636060003
USDJPY,20190227,1500,110.820,110.914,110.727,110.892,18228840000
USDJPY,20190227,1600,110.891,110.983,110.781,110.930,14618009999
USDJPY,20190227,1700,110.928,110.988,110.927,110.945,5977000005
USDJPY,20190227,1800,110.944,111.035,110.936,110.955,4497670000
USDJPY,20190227,1900,110.955,111.074,110.948,111.035,5066119997
USDJPY,20190227,2000,111.035,111.047,110.983,110.990,5081029997
USDJPY,20190227,2100,110.988,111.032,110.984,110.989,2763600001
USDJPY,20190227,2200,110.985,110.997,110.934,110.944,4637500000
USDJPY,20190227,2300,110.944,110.954,110.856,110.863,3569209998
USDJPY,20190228,0000,110.863,110.939,110.817,110.845,8318939999
USDJPY,20190228,0100,110.846,110.916,110.822,110.893,7482359999
USDJPY,20190228,0200,110.893,110.896,110.821,110.871,7657060014
USDJPY,20190228,0300,110.871,110.891,110.836,110.886,2753080002
USDJPY,20190228,0400,110.885,110.897,110.870,110.880,2822990002
USDJPY,20190228,0500,110.879,110.935,110.800,110.807,5426519999
USDJPY,20190228,0600,110.807,110.852,110.699,110.776,6961690001
USDJPY,20190228,0700,110.776,110.811,110.740,110.758,9719710018
USDJPY,20190228,0800,110.759,110.803,110.661,110.801,6708969999
USDJPY,20190228,0900,110.801,110.845,110.769,110.787,5366440003
USDJPY,20190228,1000,110.788,110.791,110.726,110.753,5741399997
USDJPY,20190228,1100,110.754,110.799,110.734,110.791,5012890001
USDJPY,20190228,1200,110.791,110.823,110.738,110.813,6163449999
USDJPY,20190228,1300,110.812,111.132,110.742,111.094,16328970000
USDJPY,20190228,1400,111.095,111.259,111.019,111.257,14527300004
USDJPY,20190228,1500,111.258,111.432,111.177,111.298,18629870007
USDJPY,20190228,1600,111.299,111.439,111.272,111.385,13185420001
USDJPY,20190228,1700,111.385,111.439,111.321,111.327,8011590017
USDJPY,20190228,1800,111.327,111.372,111.298,111.351,5676510000
USDJPY,20190228,1900,111.351,111.418,111.323,111.406,4992970001
USDJPY,20190228,2000,111.408,111.493,111.371,111.463,7251680003
USDJPY,20190228,2100,111.466,111.468,111.378,111.381,3668080000
USDJPY,20190228,2200,111.379,111.413,111.369,111.382,1122250000
USDJPY,20190228,2300,111.382,111.414,111.324,111.363,3334750000
USDJPY,20190301,0000,111.362,111.586,111.358,111.537,9004209999
USDJPY,20190301,0100,111.539,111.677,111.513,111.648,6093826353
USDJPY,20190301,0200,111.650,111.769,111.628,111.754,4631750000
USDJPY,20190301,0300,111.754,111.757,111.666,111.670,4816930001
USDJPY,20190301,0400,111.670,111.678,111.642,111.661,3354740006
USDJPY,20190301,0500,111.662,111.737,111.658,111.711,3381189985
USDJPY,20190301,0600,111.709,111.830,111.707,111.825,5680659999
USDJPY,20190301,0700,111.825,111.843,111.786,111.819,6409270000
USDJPY,20190301,0800,111.818,111.922,111.805,111.904,7528269998
USDJPY,20190301,0900,111.905,111.983,111.896,111.908,6341370010
USDJPY,20190301,1000,111.907,111.936,111.825,111.858,4995120000
USDJPY,20190301,1100,111.858,111.873,111.801,111.819,5110900002
USDJPY,20190301,1200,111.819,111.852,111.763,111.847,6370529996
USDJPY,20190301,1300,111.847,111.901,111.798,111.850,12034460003
USDJPY,20190301,1400,111.851,111.925,111.786,111.870,11649729997
USDJPY,20190301,1500,111.867,111.918,111.641,111.899,17295289995
USDJPY,20190301,1600,111.898,111.940,111.856,111.897,13077230002
USDJPY,20190301,1700,111.896,111.978,111.882,111.970,7416640001
USDJPY,20190301,1800,111.969,111.991,111.947,111.960,5937520004
USDJPY,20190301,1900,111.961,112.077,111.955,112.003,7291169999
USDJPY,20190301,2000,112.004,112.014,111.956,111.979,7806250002
USDJPY,20190301,2100,111.982,111.985,111.906,111.906,2565580000
USDJPY,20190303,2200,111.851,111.911,111.756,111.824,12477440000
USDJPY,20190303,2300,111.825,111.964,111.825,111.936,7160780001
USDJPY,20190304,0000,111.936,111.996,111.913,111.979,7008329997
USDJPY,20190304,0100,111.979,112.013,111.945,111.991,6303860000
USDJPY,20190304,0200,111.991,111.996,111.938,111.985,3974819999
USDJPY,20190304,0300,111.985,111.996,111.971,111.990,4352030001
USDJPY,20190304,0400,111.989,111.994,111.954,111.961,2985440003
USDJPY,20190304,0500,111.961,111.977,111.946,111.961,3801059999
USDJPY,20190304,0600,111.961,111.977,111.929,111.957,4143800003
USDJPY,20190304,0700,111.959,111.966,111.875,111.905,7837760000
USDJPY,20190304,0800,111.904,111.961,111.854,111.873,13703570002
USDJPY,20190304,0900,111.873,111.892,111.824,111.849,7466099995
USDJPY,20190304,1000,111.847,111.887,111.821,111.860,5421740002
USDJPY,20190304,1100,111.860,111.879,111.817,111.875,6796970009
USDJPY,20190304,1200,111.876,111.950,111.833,111.949,4792010000
USDJPY,20190304,1300,111.947,111.961,111.869,111.920,6336610000
USDJPY,20190304,1400,111.920,111.985,111.907,111.950,9021830001
USDJPY,20190304,1500,111.949,111.974,111.838,111.840,11599310001
USDJPY,20190304,1600,111.840,111.841,111.665,111.685,13834180002
USDJPY,20190304,1700,111.684,111.719,111.640,111.715,10747580003
USDJPY,20190304,1800,111.715,111.757,111.678,111.744,6752770007
USDJPY,20190304,1900,111.743,111.753,111.715,111.740,4797109999
USDJPY,20190304,2000,111.739,111.741,111.693,111.699,5483549999
USDJPY,20190304,2100,111.698,111.746,111.696,111.737,1810720000
USDJPY,20190304,2200,111.733,111.769,111.713,111.741,4945040000
USDJPY,20190304,2300,111.745,111.786,111.722,111.780,3333360000
USDJPY,20190305,0000,111.780,111.886,111.762,111.841,8393519992
USDJPY,20190305,0100,111.841,111.939,111.810,111.812,9329180004
USDJPY,20190305,0200,111.813,111.904,111.807,111.886,5229839994
USDJPY,20190305,0300,111.888,111.902,111.838,111.889,4520230006
USDJPY,20190305,0400,111.889,111.946,111.883,111.894,3608760002
USDJPY,20190305,0500,111.895,111.930,111.894,111.909,3138680003
USDJPY,20190305,0600,111.910,111.959,111.889,111.919,4776299995
USDJPY,20190305,0700,111.919,111.944,111.864,111.882,4912530001
USDJPY,20190305,0800,111.883,111.962,111.883,111.935,6264799996
USDJPY,20190305,0900,111.935,111.988,111.930,111.964,4908550002
USDJPY,20190305,1000,111.964,111.966,111.927,111.953,5931140011
USDJPY,20190305,1100,111.952,111.965,111.921,111.965,5598180000
USDJPY,20190305,1200,111.965,111.975,111.907,111.919,5500219997
USDJPY,20190305,1300,111.919,111.943,111.895,111.904,6495289999
USDJPY,20190305,1400,111.904,111.921,111.788,111.827,9700009997
USDJPY,20190305,1500,111.827,112.137,111.827,111.886,17056180003
USDJPY,20190305,1600,111.887,111.995,111.882,111.986,9887639998
USDJPY,20190305,1700,111.984,112.000,111.895,111.923,5952049999
USDJPY,20190305,1800,111.922,111.944,111.794,111.851,5730789999
USDJPY,20190305,1900,111.851,111.900,111.824,111.890,4543780000
USDJPY,20190305,2000,111.890,111.890,111.839,111.871,4123590000
USDJPY,20190305,2100,111.872,111.897,111.869,111.877,2073510000
USDJPY,20190305,2200,111.877,111.910,111.817,111.887,8218740000
USDJPY,20190305,2300,111.887,111.911,111.852,111.868,3010190002
USDJPY,20190306,0000,111.865,111.875,111.750,111.786,5924870001
USDJPY,20190306,0100,111.786,111.801,111.725,111.753,6280840005
USDJPY,20190306,0200,111.752,111.819,111.734,111.786,5283400001
USDJPY,20190306,0300,111.786,111.806,111.754,111.755,3216920000
USDJPY,20190306,0400,111.754,111.776,111.730,111.766,3152410001
USDJPY,20190306,0500,111.767,111.843,111.761,111.803,3414780001
USDJPY,20190306,0600,111.805,111.837,111.781,111.812,3386709998
USDJPY,20190306,0700,111.812,111.823,111.761,111.791,6787810007
USDJPY,20190306,0800,111.792,111.841,111.779,111.822,6373960002
USDJPY,20190306,0900,111.821,111.922,111.821,111.862,5975070002
USDJPY,20190306,1000,111.863,111.890,111.845,111.875,5199070004
USDJPY,20190306,1100,111.874,111.887,111.852,111.873,4145580002
USDJPY,20190306,1200,111.873,111.876,111.783,111.798,5086700003
USDJPY,20190306,1300,111.798,111.852,111.765,111.798,10226140004
USDJPY,20190306,1400,111.798,111.821,111.700,111.728,9887259997
USDJPY,20190306,1500,111.727,111.756,111.660,111.730,10851690006
USDJPY,20190306,1600,111.729,111.742,111.615,111.668,9587729998
USDJPY,20190306,1700,111.669,111.752,111.667,111.692,5505849996
USDJPY,20190306,1800,111.693,111.761,111.689,111.753,4690370002
USDJPY,20190306,1900,111.753,111.807,111.749,111.800,4075550000
USDJPY,20190306,2000,111.800,111.810,111.750,111.754,4764680000
USDJPY,20190306,2100,111.755,111.778,111.748,111.759,2240490000
USDJPY,20190306,2200,111.757,111.773,111.701,111.701,5656400000
USDJPY,20190306,2300,111.701,111.721,111.612,111.625,3078280000
USDJPY,20190307,0000,111.623,111.665,111.575,111.623,5555640002
USDJPY,20190307,0100,111.623,111.659,111.610,111.629,5069649998
USDJPY,20190307,0200,111.629,111.688,111.623,111.668,4674020005
USDJPY,20190307,0300,111.662,111.723,111.646,111.716,4364160029
USDJPY,20190307,0400,111.716,111.724,111.672,111.680,3200329994
USDJPY,20190307,0500,111.679,111.716,111.666,111.705,2723620002
USDJPY,20190307,0600,111.705,111.761,111.705,111.747,2723249997
USDJPY,20190307,0700,111.747,111.788,111.697,111.783,5313049998
USDJPY,20190307,0800,111.783,111.801,111.714,111.723,7145560005
USDJPY,20190307,0900,111.722,111.744,111.688,111.703,4416660009
USDJPY,20190307,1000,111.703,111.712,111.651,111.655,3380870000
USDJPY,20190307,1100,111.656,111.708,111.629,111.697,3411990000
USDJPY,20190307,1200,111.696,111.799,111.696,111.740,7734959997
USDJPY,20190307,1300,111.742,111.857,111.705,111.722,13453199993
USDJPY,20190307,1400,111.721,111.760,111.556,111.588,14386710000
USDJPY,20190307,1500,111.588,111.631,111.526,111.534,12918829996
USDJPY,20190307,1600,111.533,111.652,111.482,111.603,10679500003
USDJPY,20190307,1700,111.603,111.637,111.500,111.624,10389389997
USDJPY,20190307,1800,111.624,111.655,111.522,111.526,5990019999
USDJPY,20190307,1900,111.525,111.598,111.501,111.520,8872510001
USDJPY,20190307,2000,111.520,111.634,111.520,111.627,9378610008
USDJPY,20190307,2100,111.625,111.693,111.547,111.555,3785000001
USDJPY,20190307,2200,111.533,111.622,111.531,111.610,8407900000
USDJPY,20190307,2300,111.610,111.650,111.578,111.643,3082830000
USDJPY,20190308,0000,111.642,111.648,111.475,111.476,7856179997
USDJPY,20190308,0100,111.474,111.513,111.447,111.502,5372350001
USDJPY,20190308,0200,111.502,111.533,111.453,111.497,6387300005
USDJPY,20190308,0300,111.498,111.498,111.343,111.395,7471900003
USDJPY,20190308,0400,111.394,111.407,111.220,111.241,4942149996
USDJPY,20190308,0500,111.240,111.280,111.046,111.077,6087350006
USDJPY,20190308,0600,111.076,111.106,110.952,111.082,7293119999
USDJPY,20190308,0700,111.082,111.092,110.965,110.983,10206849996
USDJPY,20190308,0800,110.984,111.099,110.984,111.019,8277360002
USDJPY,20190308,0900,111.019,111.121,111.000,111.099,7047360005
USDJPY,20190308,1000,111.099,111.173,111.096,111.167,5963499997
USDJPY,20190308,1100,111.168,111.211,111.157,111.176,4357330000
USDJPY,20190308,1200,111.177,111.197,111.122,111.129,4655550001
USDJPY,20190308,1300,111.130,111.155,110.778,110.950,16752470000
USDJPY,20190308,1400,110.950,111.105,110.832,111.067,15458059997
USDJPY,20190308,1500,111.067,111.200,110.966,111.137,15543009993
USDJPY,20190308,1600,111.140,111.188,111.105,111.113,9593500002
USDJPY,20190308,1700,111.113,111.122,111.038,111.040,7476720001
USDJPY,20190308,1800,111.040,111.127,111.029,111.082,5195270002
USDJPY,20190308,1900,111.082,111.129,111.046,111.081,5813280002
USDJPY,20190308,2000,111.079,111.131,111.024,111.130,8634589999
USDJPY,20190308,2100,111.130,111.181,111.110,111.156,1969930000
USDJPY,20190310,2100,110.986,111.139,110.985,111.127,678270000
USDJPY,20190310,2200,111.128,111.155,110.989,111.089,2246920000
USDJPY,20190310,2300,111.090,111.158,111.069,111.081,3402620000
USDJPY,20190311,0000,111.081,111.097,110.879,110.886,9720110004
USDJPY,20190311,0100,110.886,111.125,110.879,111.092,10713589998
USDJPY,20190311,0200,111.093,111.115,111.042,111.094,6497499996
USDJPY,20190311,0300,111.095,111.152,111.082,111.110,4421350013
USDJPY,20190311,0400,111.111,111.143,111.106,111.119,3122430003
USDJPY,20190311,0500,111.118,111.125,111.075,111.115,3440770004
USDJPY,20190311,0600,111.114,111.186,111.113,111.177,2822170005
USDJPY,20190311,0700,111.176,111.307,111.149,111.278,10532670060
USDJPY,20190311,0800,111.280,111.281,111.220,111.221,7365020002
USDJPY,20190311,0900,111.223,111.232,111.158,111.219,6130570002
USDJPY,20190311,1000,111.218,111.252,111.185,111.250,5608309999
USDJPY,20190311,1100,111.250,111.252,111.161,111.162,4925370000
USDJPY,20190311,1200,111.162,111.204,111.092,111.124,8478900002
USDJPY,20190311,1300,111.124,111.127,111.029,111.091,9137930004
USDJPY,20190311,1400,111.090,111.219,111.090,111.203,8074990013
USDJPY,20190311,1500,111.202,111.238,111.173,111.217,7468539996
USDJPY,20190311,1600,111.215,111.276,111.205,111.241,8337870003
USDJPY,20190311,1700,111.241,111.275,111.219,111.223,5954529999
USDJPY,20190311,1800,111.224,111.238,111.190,111.224,5089590000
USDJPY,20190311,1900,111.224,111.257,111.200,111.232,4556480000
USDJPY,20190311,2000,111.229,111.239,111.194,111.194,3445140000
USDJPY,20190311,2100,111.191,111.243,111.140,111.214,11710230001
USDJPY,20190311,2200,111.214,111.345,111.194,111.328,3610680000
USDJPY,20190311,2300,111.327,111.361,111.245,111.332,4004020000
USDJPY,20190312,0000,111.332,111.438,111.298,111.422,6678980000
USDJPY,20190312,0100,111.421,111.455,111.391,111.406,6094400001
USDJPY,20190312,0200,111.407,111.444,111.358,111.367,3594050000
USDJPY,20190312,0300,111.367,111.424,111.352,111.411,3178050000
USDJPY,20190312,0400,111.410,111.417,111.346,111.347,4931040004
USDJPY,20190312,0500,111.347,111.360,111.311,111.311,3872549999
USDJPY,20190312,0600,111.311,111.325,111.265,111.312,6062690001
USDJPY,20190312,0700,111.325,111.392,111.305,111.366,6205259998
USDJPY,20190312,0800,111.365,111.416,111.329,111.407,7033660000
USDJPY,20190312,0900,111.407,111.466,111.375,111.377,7959619998
USDJPY,20190312,1000,111.377,111.382,111.319,111.343,4284180001
USDJPY,20190312,1100,111.341,111.356,111.133,111.277,11565980000
USDJPY,20190312,1200,111.277,111.284,111.122,111.197,9943679998
USDJPY,20190312,1300,111.197,111.198,111.110,111.163,9861470001
USDJPY,20190312,1400,111.165,111.252,111.113,111.251,6679810000
USDJPY,20190312,1500,111.251,111.392,111.177,111.381,8342289997
USDJPY,20190312,1600,111.380,111.401,111.336,111.367,7472180003
USDJPY,20190312,1700,111.366,111.366,111.284,111.309,7773119997
USDJPY,20190312,1800,111.308,111.321,111.263,111.278,5125270001
USDJPY,20190312,1900,111.279,111.312,111.199,111.311,8015189993
USDJPY,20190312,2000,111.311,111.351,111.239,111.344,2667399998
USDJPY,20190312,2100,111.344,111.345,111.304,111.343,8081029999
USDJPY,20190312,2200,111.341,111.354,111.310,111.313,932600000
USDJPY,20190312,2300,111.312,111.321,111.246,111.315,4493320000
USDJPY,20190313,0000,111.315,111.380,111.257,111.301,6641530000
USDJPY,20190313,0100,111.301,111.332,111.166,111.184,8019569999
USDJPY,20190313,0200,111.184,111.234,111.143,111.195,5552940001
USDJPY,20190313,0300,111.194,111.278,111.176,111.251,4367730001
USDJPY,20190313,0400,111.251,111.321,111.250,111.294,4004539996
USDJPY,20190313,0500,111.294,111.358,111.286,111.318,7379390004
USDJPY,20190313,0600,111.319,111.328,111.281,111.315,3212520000
USDJPY,20190313,0700,111.315,111.339,111.287,111.320,4718900005
USDJPY,20190313,0800,111.322,111.386,111.322,111.338,6266089997
USDJPY,20190313,0900,111.337,111.347,111.293,111.314,4637079995
USDJPY,20190313,1000,111.314,111.355,111.298,111.352,4340239998
USDJPY,20190313,1100,111.351,111.420,111.327,111.394,4780369998
USDJPY,20190313,1200,111.392,111.465,111.367,111.393,7216260003
USDJPY,20190313,1300,111.392,111.401,111.310,111.340,8569210001
USDJPY,20190313,1400,111.339,111.363,111.276,111.336,7644950001
USDJPY,20190313,1500,111.337,111.392,111.210,111.233,8373910000
USDJPY,20190313,1600,111.232,111.259,111.193,111.248,5648279999
USDJPY,20190313,1700,111.249,111.270,111.197,111.233,4773490000
USDJPY,20190313,1800,111.233,111.243,111.028,111.031,7051000004
USDJPY,20190313,1900,111.030,111.134,111.006,111.125,10586639999
USDJPY,20190313,2000,111.123,111.210,111.104,111.143,4278479999
USDJPY,20190313,2100,111.142,111.284,111.120,111.275,11249510000
USDJPY,20190313,2200,111.276,111.307,111.230,111.253,2882799999
USDJPY,20190313,2300,111.255,111.260,111.150,111.212,3626600000
USDJPY,20190314,0000,111.211,111.256,111.146,111.215,7635109999
USDJPY,20190314,0100,111.215,111.508,111.214,111.464,12384230015
USDJPY,20190314,0200,111.462,111.471,111.423,111.455,8763080012
USDJPY,20190314,0300,111.455,111.628,111.428,111.526,9013160003
USDJPY,20190314,0400,111.527,111.613,111.492,111.593,7147109982
USDJPY,20190314,0500,111.593,111.600,111.542,111.570,7547580014
USDJPY,20190314,0600,111.570,111.634,111.542,111.566,10068689996
USDJPY,20190314,0700,111.566,111.609,111.547,111.590,7379959998
USDJPY,20190314,0800,111.591,111.706,111.589,111.687,10077889998
USDJPY,20190314,0900,111.685,111.730,111.663,111.727,6651830002
USDJPY,20190314,1000,111.728,111.732,111.576,111.612,11200230001
USDJPY,20190314,1100,111.612,111.626,111.564,111.591,6861779998
USDJPY,20190314,1200,111.590,111.668,111.545,111.648,7955069994
USDJPY,20190314,1300,111.648,111.673,111.544,111.561,13974429978
USDJPY,20190314,1400,111.562,111.641,111.514,111.606,10434880001
USDJPY,20190314,1500,111.608,111.721,111.580,111.717,10312249987
USDJPY,20190314,1600,111.716,111.833,111.708,111.731,6863739999
USDJPY,20190314,1700,111.731,111.742,111.693,111.740,5454780007
USDJPY,20190314,1800,111.740,111.755,111.684,111.742,6174249997
USDJPY,20190314,1900,111.742,111.756,111.695,111.705,3925140001
USDJPY,20190314,2000,111.705,111.705,111.662,111.672,2252410000
USDJPY,20190314,2100,111.659,111.676,111.605,111.655,9423190000
USDJPY,20190314,2200,111.656,111.707,111.638,111.696,1520070000
USDJPY,20190314,2300,111.696,111.764,111.679,111.753,4263280000
USDJPY,20190315,0000,111.755,111.896,111.752,111.857,7830310001
USDJPY,20190315,0100,111.855,111.901,111.841,111.855,4883269998
USDJPY,20190315,0200,111.856,111.859,111.686,111.706,7211659999
USDJPY,20190315,0300,111.708,111.738,111.487,111.648,13216089978
USDJPY,20190315,0400,111.649,111.705,111.636,111.697,6123739999
USDJPY,20190315,0500,111.697,111.720,111.646,111.659,5428269994
USDJPY,20190315,0600,111.659,111.712,111.626,111.691,9759429998
USDJPY,20190315,0700,111.692,111.697,111.627,111.660,6324999993
USDJPY,20190315,0800,111.660,111.731,111.642,111.672,7903779999
USDJPY,20190315,0900,111.673,111.704,111.634,111.649,4212690014
USDJPY,20190315,1000,111.647,111.740,111.645,111.715,5904170004
USDJPY,20190315,1100,111.715,111.761,111.673,111.692,4242529997
USDJPY,20190315,1200,111.692,111.731,111.616,111.653,6630160002
USDJPY,20190315,1300,111.652,111.667,111.438,111.482,13084100002
USDJPY,20190315,1400,111.480,111.538,111.384,111.487,8935240004
USDJPY,20190315,1500,111.484,111.586,111.426,111.574,8224220009
USDJPY,20190315,1600,111.574,111.597,111.505,111.515,8258580016
USDJPY,20190315,1700,111.514,111.516,111.472,111.493,4724440000
USDJPY,20190315,1800,111.492,111.509,111.459,111.495,4045520001
USDJPY,20190315,1900,111.495,111.512,111.466,111.497,5424900003
USDJPY,20190315,2000,111.500,111.522,111.443,111.471,2915570007
USDJPY,20190317,2100,111.460,111.493,111.460,111.474,352010000
USDJPY,20190317,2200,111.473,111.504,111.470,111.485,1621769999
USDJPY,20190317,2300,111.488,111.568,111.472,111.552,3163920000
USDJPY,20190318,0000,111.553,111.579,111.503,111.548,6944190015
USDJPY,20190318,0100,111.547,111.583,111.521,111.543,8941900020
USDJPY,20190318,0200,111.543,111.628,111.543,111.599,7283839997
USDJPY,20190318,0300,111.599,111.603,111.537,111.548,5540349994
USDJPY,20190318,0400,111.547,111.577,111.515,111.530,3777980004
USDJPY,20190318,0500,111.532,111.572,111.529,111.567,3919700000
USDJPY,20190318,0600,111.567,111.582,111.536,111.552,5795540000
USDJPY,20190318,0700,111.552,111.561,111.486,111.486,6918979989
USDJPY,20190318,0800,111.486,111.533,111.481,111.526,4487210003
USDJPY,20190318,0900,111.527,111.553,111.476,111.484,5728259998
USDJPY,20190318,1000,111.485,111.496,111.439,111.481,4933619999
USDJPY,20190318,1100,111.481,111.526,111.460,111.513,3776129997
USDJPY,20190318,1200,111.513,111.581,111.501,111.525,5503640001
USDJPY,20190318,1300,111.525,111.551,111.494,111.526,6063889999
USDJPY,20190318,1400,111.525,111.590,111.494,111.537,6883290002
USDJPY,20190318,1500,111.537,111.560,111.399,111.406,6858580002
USDJPY,20190318,1600,111.406,111.422,111.296,111.384,8637459998
USDJPY,20190318,1700,111.384,111.436,111.384,111.429,3635200001
USDJPY,20190318,1800,111.431,111.443,111.390,111.399,3273140000
USDJPY,20190318,1900,111.398,111.413,111.323,111.396,4287500003
USDJPY,20190318,2000,111.396,111.429,111.395,111.424,2157810000
USDJPY,20190318,2100,111.421,111.445,111.380,111.438,6244470000
USDJPY,20190318,2200,111.438,111.447,111.391,111.399,1775610000
USDJPY,20190318,2300,111.400,111.427,111.361,111.385,3518159999
USDJPY,20190319,0000,111.383,111.388,111.248,111.298,9720180001
USDJPY,20190319,0100,111.299,111.372,111.279,111.302,6324070002
USDJPY,20190319,0200,111.302,111.302,111.158,111.190,7552989998
USDJPY,20190319,0300,111.190,111.243,111.175,111.206,7424349996
USDJPY,20190319,0400,111.206,111.290,111.204,111.275,4028920004
USDJPY,20190319,0500,111.275,111.282,111.248,111.269,4004379988
USDJPY,20190319,0600,111.270,111.300,111.219,111.293,4302200000
USDJPY,20190319,0700,111.293,111.312,111.237,111.262,6848210006
USDJPY,20190319,0800,111.265,111.304,111.258,111.274,5671289994
USDJPY,20190319,0900,111.275,111.312,111.273,111.279,3585289997
USDJPY,20190319,1000,111.279,111.279,111.187,111.216,3422259999
USDJPY,20190319,1100,111.215,111.292,111.207,111.266,3007560000
USDJPY,20190319,1200,111.266,111.435,111.226,111.425,7691570002
USDJPY,20190319,1300,111.425,111.473,111.384,111.384,7966540010
USDJPY,20190319,1400,111.385,111.476,111.365,111.375,6840630002
USDJPY,20190319,1500,111.376,111.399,111.307,111.388,6407130001
USDJPY,20190319,1600,111.388,111.390,111.246,111.362,9313069999
USDJPY,20190319,1700,111.363,111.386,111.318,111.365,5464680000
USDJPY,20190319,1800,111.364,111.418,111.354,111.409,4006470000
USDJPY,20190319,1900,111.411,111.424,111.329,111.393,6084139999
USDJPY,20190319,2000,111.393,111.423,111.380,111.385,2016290001
USDJPY,20190319,2100,111.374,111.408,111.253,111.399,5777920000
USDJPY,20190319,2200,111.399,111.406,111.365,111.366,1225550000
USDJPY,20190319,2300,111.365,111.419,111.359,111.418,2846940000
USDJPY,20190320,0000,111.418,111.623,111.416,111.614,9849770000
USDJPY,20190320,0100,111.614,111.695,111.579,111.591,9959399998
USDJPY,20190320,0200,111.591,111.632,111.565,111.625,5848510013
USDJPY,20190320,0300,111.625,111.631,111.590,111.592,2659850000
USDJPY,20190320,0400,111.591,111.607,111.579,111.586,4063320002
USDJPY,20190320,0500,111.588,111.621,111.524,111.530,6442070014
USDJPY,20190320,0600,111.529,111.576,111.529,111.550,4924230012
USDJPY,20190320,0700,111.551,111.618,111.544,111.595,8340690002
USDJPY,20190320,0800,111.594,111.613,111.549,111.598,6962330000
USDJPY,20190320,0900,111.598,111.599,111.518,111.530,5153450002
USDJPY,20190320,1000,111.530,111.549,111.496,111.508,3916870000
USDJPY,20190320,1100,111.507,111.546,111.490,111.514,4754700020
USDJPY,20190320,1200,111.514,111.518,111.447,111.463,6269240005
USDJPY,20190320,1300,111.462,111.516,111.388,111.420,8661259998
USDJPY,20190320,1400,111.419,111.472,111.373,111.414,8885270009
USDJPY,20190320,1500,111.415,111.521,111.396,111.412,9316719966
USDJPY,20190320,1600,111.411,111.486,111.375,111.485,8242199997
USDJPY,20190320,1700,111.485,111.510,111.457,111.501,5018820001
USDJPY,20190320,1800,111.495,111.495,110.593,110.603,29552490000
USDJPY,20190320,1900,110.606,110.751,110.535,110.582,15110600006
USDJPY,20190320,2000,110.583,110.739,110.582,110.684,8603109999
USDJPY,20190320,2100,110.684,110.698,110.608,110.636,6002150000
USDJPY,20190320,2200,110.637,110.746,110.587,110.725,6108480000
USDJPY,20190320,2300,110.723,110.723,110.655,110.663,3973690000
USDJPY,20190321,0000,110.664,110.736,110.626,110.670,6746330002
USDJPY,20190321,0100,110.670,110.735,110.625,110.646,5790809998
USDJPY,20190321,0200,110.646,110.664,110.547,110.554,4397640002
USDJPY,20190321,0300,110.553,110.564,110.458,110.478,6331079990
USDJPY,20190321,0400,110.478,110.505,110.403,110.493,6893729992
USDJPY,20190321,0500,110.493,110.553,110.493,110.532,3717360008
USDJPY,20190321,0600,110.532,110.533,110.440,110.443,6187429988
USDJPY,20190321,0700,110.443,110.489,110.354,110.373,10545119997
USDJPY,20190321,0800,110.374,110.461,110.298,110.451,11080200000
USDJPY,20190321,0900,110.451,110.488,110.385,110.475,9197280016
USDJPY,20190321,1000,110.476,110.639,110.442,110.632,9927780020
USDJPY,20190321,1100,110.633,110.656,110.476,110.487,9014960010
USDJPY,20190321,1200,110.488,110.548,110.379,110.542,9111839992
USDJPY,20190321,1300,110.541,110.688,110.539,110.667,10505920001
USDJPY,20190321,1400,110.666,110.903,110.664,110.871,12551369993
USDJPY,20190321,1500,110.873,110.958,110.839,110.851,13141670003
USDJPY,20190321,1600,110.851,110.915,110.777,110.780,11758340002
USDJPY,20190321,1700,110.781,110.883,110.775,110.852,8259569995
USDJPY,20190321,1800,110.851,110.865,110.773,110.774,7607469999
USDJPY,20190321,1900,110.773,110.823,110.773,110.808,6998660003
USDJPY,20190321,2000,110.808,110.824,110.790,110.800,3018070000
USDJPY,20190321,2100,110.790,110.860,110.754,110.845,3503680000
USDJPY,20190321,2200,110.848,110.863,110.770,110.788,1147870000
USDJPY,20190321,2300,110.787,110.815,110.750,110.815,3414330001
USDJPY,20190322,0000,110.816,110.897,110.695,110.754,10641259999
USDJPY,20190322,0100,110.753,110.773,110.652,110.690,8259360000
USDJPY,20190322,0200,110.691,110.757,110.687,110.737,7999790042
USDJPY,20190322,0300,110.738,110.794,110.716,110.776,6477909992
USDJPY,20190322,0400,110.776,110.792,110.759,110.777,2652400001
USDJPY,20190322,0500,110.781,110.840,110.765,110.808,4726400005
USDJPY,20190322,0600,110.808,110.816,110.772,110.801,5650929994
USDJPY,20190322,0700,110.800,110.813,110.724,110.762,7485110004
USDJPY,20190322,0800,110.763,110.801,110.500,110.518,19361869991
USDJPY,20190322,0900,110.519,110.592,110.476,110.517,16797670021
USDJPY,20190322,1000,110.516,110.521,110.448,110.463,7679579997
USDJPY,20190322,1100,110.463,110.463,110.318,110.331,7672110005
USDJPY,20190322,1200,110.329,110.332,110.199,110.220,10258950007
USDJPY,20190322,1300,110.219,110.289,110.009,110.040,14280710003
USDJPY,20190322,1400,110.042,110.143,109.898,109.900,20603150001
USDJPY,20190322,1500,109.900,110.055,109.741,109.765,18684399990
USDJPY,20190322,1600,109.766,109.934,109.753,109.934,15560049999
USDJPY,20190322,1700,109.932,110.050,109.918,110.035,11890900005
USDJPY,20190322,1800,110.034,110.173,110.028,110.069,8057800008
USDJPY,20190322,1900,110.070,110.087,109.895,109.950,9908670000
USDJPY,20190322,2000,109.952,109.992,109.894,109.925,3047140000
USDJPY,20190324,2100,109.916,110.073,109.915,110.011,857320000
USDJPY,20190324,2200,110.012,110.028,109.932,110.010,2792270015
USDJPY,20190324,2300,110.011,110.139,110.009,110.093,3852220003
USDJPY,20190325,0000,110.093,110.137,109.752,109.811,15918719997
USDJPY,20190325,0100,109.810,109.858,109.708,109.832,13704360002
USDJPY,20190325,0200,109.831,109.849,109.760,109.787,9753309996
USDJPY,20190325,0300,109.787,109.857,109.774,109.852,6745510005
USDJPY,20190325,0400,109.850,110.008,109.836,109.977,7886159999
USDJPY,20190325,0500,109.977,110.066,109.951,109.981,6065970000
USDJPY,20190325,0600,109.980,109.984,109.876,109.949,8649909996
USDJPY,20190325,0700,109.948,110.115,109.947,110.052,10391660006
USDJPY,20190325,0800,110.054,110.178,110.051,110.099,13381860004
USDJPY,20190325,0900,110.099,110.241,110.091,110.213,12757620001
USDJPY,20190325,1000,110.214,110.234,110.162,110.162,5421080000
USDJPY,20190325,1100,110.161,110.213,110.119,110.155,5890580005
USDJPY,20190325,1200,110.157,110.163,110.001,110.066,10804670003
USDJPY,20190325,1300,110.065,110.135,109.949,109.970,15950470002
USDJPY,20190325,1400,109.971,110.085,109.921,110.062,14750630004
USDJPY,20190325,1500,110.061,110.116,110.012,110.091,12098779989
USDJPY,20190325,1600,110.091,110.146,109.975,110.038,13093540002
USDJPY,20190325,1700,110.041,110.044,109.792,109.807,9913240014
USDJPY,20190325,1800,109.808,110.077,109.752,110.053,12722180001
USDJPY,20190325,1900,110.053,110.078,109.943,109.968,8432849998
USDJPY,20190325,2000,109.971,110.030,109.953,109.957,2744710000
USDJPY,20190325,2100,109.957,109.985,109.921,109.974,10403140000
USDJPY,20190325,2200,109.973,110.051,109.957,110.037,1921730000
USDJPY,20190325,2300,110.037,110.119,110.003,110.057,5303660000
USDJPY,20190326,0000,110.058,110.194,110.033,110.181,11359799998
USDJPY,20190326,0100,110.181,110.242,110.067,110.089,10481030002
USDJPY,20190326,0200,110.090,110.143,110.032,110.037,7500430000
USDJPY,20190326,0300,110.037,110.067,109.993,110.058,7092640000
USDJPY,20190326,0400,110.057,110.104,110.040,110.041,5659490015
USDJPY,20190326,0500,110.044,110.163,110.044,110.141,6437190006
USDJPY,20190326,0600,110.140,110.145,110.028,110.132,8114730005
USDJPY,20190326,0700,110.133,110.199,110.094,110.190,9913840000
USDJPY,20190326,0800,110.191,110.193,110.124,110.143,13545020001
USDJPY,20190326,0900,110.143,110.409,110.143,110.381,14492709999
USDJPY,20190326,1000,110.382,110.427,110.351,110.370,8909169998
USDJPY,20190326,1100,110.371,110.463,110.315,110.413,7926789997
USDJPY,20190326,1200,110.415,110.539,110.354,110.476,11948910002
USDJPY,20190326,1300,110.476,110.690,110.423,110.657,13095079999
USDJPY,20190326,1400,110.655,110.656,110.529,110.578,13975370007
USDJPY,20190326,1500,110.580,110.598,110.469,110.490,9974829994
USDJPY,20190326,1600,110.490,110.561,110.445,110.516,11153959998
USDJPY,20190326,1700,110.515,110.550,110.446,110.463,8717340005
USDJPY,20190326,1800,110.462,110.531,110.414,110.527,7329900002
USDJPY,20190326,1900,110.525,110.597,110.458,110.595,7929160007
USDJPY,20190326,2000,110.594,110.650,110.545,110.631,2910840000
USDJPY,20190326,2100,110.628,110.664,110.557,110.617,8475170000
USDJPY,20190326,2200,110.615,110.631,110.448,110.527,2522920000
USDJPY,20190326,2300,110.530,110.571,110.472,110.570,5932999996
USDJPY,20190327,0000,110.569,110.582,110.407,110.546,13664629999
USDJPY,20190327,0100,110.546,110.573,110.473,110.558,11861120001
USDJPY,20190327,0200,110.558,110.571,110.431,110.543,9114730000
USDJPY,20190327,0300,110.543,110.572,110.522,110.548,5756380001
USDJPY,20190327,0400,110.549,110.642,110.521,110.599,6973330000
USDJPY,20190327,0500,110.599,110.630,110.537,110.630,5555340000
USDJPY,20190327,0600,110.630,110.631,110.513,110.536,5685110001
USDJPY,20190327,0700,110.537,110.713,110.516,110.687,12480650003
USDJPY,20190327,0800,110.686,110.688,110.523,110.540,11828500001
USDJPY,20190327,0900,110.540,110.642,110.413,110.434,9244000001
USDJPY,20190327,1000,110.434,110.434,110.298,110.309,13577949994
USDJPY,20190327,1100,110.308,110.422,110.235,110.417,10362120007
USDJPY,20190327,1200,110.420,110.526,110.359,110.465,15727710004
USDJPY,20190327,1300,110.465,110.581,110.365,110.395,19887220003
USDJPY,20190327,1400,110.396,110.509,110.318,110.384,19952740001
USDJPY,20190327,1500,110.382,110.428,110.288,110.388,17018210000
USDJPY,20190327,1600,110.388,110.491,110.354,110.370,17608499998
USDJPY,20190327,1700,110.371,110.511,110.348,110.492,10185860001
USDJPY,20190327,1800,110.491,110.556,110.372,110.377,9558599996
USDJPY,20190327,1900,110.377,110.542,110.373,110.525,8503100001
USDJPY,20190327,2000,110.525,110.538,110.497,110.510,3043089999
USDJPY,20190327,2100,110.512,110.515,110.422,110.455,3580270000
USDJPY,20190327,2200,110.452,110.530,110.428,110.488,2998620000
USDJPY,20190327,2300,110.489,110.519,110.419,110.500,4989580000
USDJPY,20190328,0000,110.501,110.512,110.269,110.305,14813670001
USDJPY,20190328,0100,110.306,110.329,110.120,110.156,16025439990
USDJPY,20190328,0200,110.156,110.226,110.112,110.169,12020770009
USDJPY,20190328,0300,110.170,110.202,110.130,110.180,7780750003
USDJPY,20190328,0400,110.180,110.210,110.151,110.166,5986950004
USDJPY,20190328,0500,110.166,110.175,110.058,110.082,8130499995
USDJPY,20190328,0600,110.082,110.136,110.040,110.119,8274980007
USDJPY,20190328,0700,110.119,110.212,110.018,110.076,13015420003
USDJPY,20190328,0800,110.074,110.320,110.060,110.285,15424199991
USDJPY,20190328,0900,110.284,110.430,110.251,110.331,9108830005
USDJPY,20190328,1000,110.331,110.343,110.269,110.324,5445909997
USDJPY,20190328,1100,110.324,110.383,110.251,110.353,8359560009
USDJPY,20190328,1200,110.351,110.543,110.324,110.516,12922780009
USDJPY,20190328,1300,110.517,110.832,110.511,110.776,21955129998
USDJPY,20190328,1400,110.775,110.805,110.642,110.665,13380960007
USDJPY,20190328,1500,110.669,110.705,110.529,110.554,14167290004
USDJPY,20190328,1600,110.554,110.677,110.547,110.615,10515420001
USDJPY,20190328,1700,110.615,110.665,110.537,110.565,7421550000
USDJPY,20190328,1800,110.565,110.611,110.533,110.570,6271769999
USDJPY,20190328,1900,110.571,110.631,110.568,110.577,6462109999
USDJPY,20190328,2000,110.576,110.700,110.574,110.609,2254660000
USDJPY,20190328,2100,110.607,110.667,110.587,110.637,2495100001
USDJPY,20190328,2200,110.637,110.669,110.616,110.655,1406430000
USDJPY,20190328,2300,110.655,110.714,110.613,110.631,4042830001
USDJPY,20190329,0000,110.633,110.929,110.533,110.848,12876990000
USDJPY,20190329,0100,110.849,110.891,110.739,110.765,9806640006
USDJPY,20190329,0200,110.765,110.798,110.743,110.765,6589260000
USDJPY,20190329,0300,110.766,110.795,110.715,110.726,3175980000
USDJPY,20190329,0400,110.726,110.902,110.661,110.755,7933449995
USDJPY,20190329,0500,110.754,110.785,110.685,110.742,6497850003
USDJPY,20190329,0600,110.743,110.761,110.588,110.591,7948719998
USDJPY,20190329,0700,110.591,110.762,110.553,110.741,8671390000
USDJPY,20190329,0800,110.741,110.847,110.694,110.759,12375309995
USDJPY,20190329,0900,110.759,110.814,110.754,110.797,7353970014
USDJPY,20190329,1000,110.798,110.811,110.720,110.782,8531759987
USDJPY,20190329,1100,110.784,110.895,110.716,110.754,9330799986
USDJPY,20190329,1200,110.754,110.816,110.637,110.808,10142649997
USDJPY,20190329,1300,110.808,110.850,110.734,110.744,13129810000
USDJPY,20190329,1400,110.748,110.907,110.745,110.855,16596700009
USDJPY,20190329,1500,110.856,110.949,110.641,110.678,15121070003
USDJPY,20190329,1600,110.677,110.826,110.673,110.824,10429200003
USDJPY,20190329,1700,110.823,110.842,110.720,110.771,5847660003
USDJPY,20190329,1800,110.770,110.856,110.762,110.808,5436469999
USDJPY,20190329,1900,110.811,110.849,110.783,110.810,6861120001
USDJPY,20190329,2000,110.814,110.847,110.805,110.825,4018240000
USDJPY,20190331,2100,111.008,111.055,110.866,110.932,1066850000
USDJPY,20190331,2200,110.935,110.990,110.902,110.941,3212360000
USDJPY,20190331,2300,110.940,111.000,110.874,110.986,6689229999
USDJPY,20190401,0000,110.986,111.084,110.960,111.079,8983070001
USDJPY,20190401,0100,111.079,111.181,111.046,111.150,7007410002
USDJPY,20190401,0200,111.150,111.184,111.104,111.124,5788440000
USDJPY,20190401,0300,111.124,111.125,111.044,111.081,5258650000
USDJPY,20190401,0400,111.081,111.081,111.008,111.016,8485800004
USDJPY,20190401,0500,111.016,111.058,110.996,111.041,5557220003
USDJPY,20190401,0600,111.046,111.143,111.023,111.067,10560679999
USDJPY,20190401,0700,111.069,111.114,110.999,111.046,8053120003
USDJPY,20190401,0800,111.046,111.077,111.000,111.011,7355330001
USDJPY,20190401,0900,111.010,111.037,110.957,110.996,6236890004
USDJPY,20190401,1000,110.996,111.045,110.951,110.954,6388250003
USDJPY,20190401,1100,110.953,111.001,110.947,110.985,4362240000
USDJPY,20190401,1200,110.985,110.999,110.810,110.938,10552260000
USDJPY,20190401,1300,110.938,110.956,110.869,110.928,10539250002
USDJPY,20190401,1400,110.943,111.234,110.943,111.195,17186450002
USDJPY,20190401,1500,111.195,111.318,111.181,111.297,8868550004
USDJPY,20190401,1600,111.294,111.442,111.291,111.423,6179380003
USDJPY,20190401,1700,111.423,111.431,111.357,111.378,4307480003
USDJPY,20190401,1800,111.377,111.405,111.352,111.376,2969179999
USDJPY,20190401,1900,111.377,111.381,111.332,111.351,4734940006
USDJPY,20190401,2000,111.351,111.389,111.331,111.343,2998160000
USDJPY,20190401,2100,111.343,111.442,111.313,111.407,3841520000
USDJPY,20190401,2200,111.404,111.407,111.346,111.402,1679990000
USDJPY,20190401,2300,111.404,111.454,111.388,111.449,3044680000
USDJPY,20190402,0000,111.449,111.449,111.320,111.387,7400870001
USDJPY,20190402,0100,111.387,111.396,111.296,111.338,4829119999
USDJPY,20190402,0200,111.339,111.340,111.289,111.334,3878920002
USDJPY,20190402,0300,111.334,111.399,111.319,111.358,4380590000
USDJPY,20190402,0400,111.357,111.401,111.335,111.345,3756759999
USDJPY,20190402,0500,111.345,111.391,111.326,111.341,4509839998
USDJPY,20190402,0600,111.342,111.375,111.285,111.374,5874960005
USDJPY,20190402,0700,111.372,111.420,111.356,111.370,5922740000
USDJPY,20190402,0800,111.370,111.396,111.344,111.390,4051860000
USDJPY,20190402,0900,111.391,111.401,111.308,111.358,5585909995
USDJPY,20190402,1000,111.357,111.380,111.321,111.354,4349510000
USDJPY,20190402,1100,111.356,111.386,111.292,111.365,5528100000
USDJPY,20190402,1200,111.364,111.385,111.315,111.373,8746090000
USDJPY,20190402,1300,111.373,111.401,111.299,111.380,7782190000
USDJPY,20190402,1400,111.382,111.431,111.293,111.303,8452060001
USDJPY,20190402,1500,111.303,111.342,111.248,111.330,8047460003
USDJPY,20190402,1600,111.330,111.388,111.318,111.352,6063350000
USDJPY,20190402,1700,111.352,111.395,111.317,111.358,7054779991
USDJPY,20190402,1800,111.358,111.389,111.333,111.382,4777220001
USDJPY,20190402,1900,111.383,111.396,111.365,111.369,4315930001
USDJPY,20190402,2000,111.369,111.371,111.307,111.310,2605360001
USDJPY,20190402,2100,111.307,111.359,111.300,111.330,8129070013
USDJPY,20190402,2200,111.331,111.348,111.318,111.330,1198190000
USDJPY,20190402,2300,111.330,111.345,111.304,111.308,1790900001
USDJPY,20190403,0000,111.309,111.516,111.208,111.474,12044020000
USDJPY,20190403,0100,111.476,111.529,111.396,111.456,8307429997
USDJPY,20190403,0200,111.456,111.514,111.444,111.495,5781500003
USDJPY,20190403,0300,111.495,111.501,111.459,111.477,5279550010
USDJPY,20190403,0400,111.477,111.500,111.357,111.360,6197550001
USDJPY,20190403,0500,111.363,111.421,111.363,111.385,6060290000
USDJPY,20190403,0600,111.384,111.558,111.384,111.511,9457529999
USDJPY,20190403,0700,111.511,111.578,111.492,111.513,11162909998
USDJPY,20190403,0800,111.513,111.566,111.487,111.507,5903489995
USDJPY,20190403,0900,111.506,111.521,111.450,111.469,4975380004
USDJPY,20190403,1000,111.469,111.513,111.446,111.506,2753970000
USDJPY,20190403,1100,111.506,111.536,111.476,111.487,4363970005
USDJPY,20190403,1200,111.487,111.499,111.413,111.458,8224399999
USDJPY,20190403,1300,111.458,111.475,111.380,111.412,8652550000
USDJPY,20190403,1400,111.410,111.489,111.327,111.482,10311019999
USDJPY,20190403,1500,111.481,111.509,111.427,111.481,6213050002
USDJPY,20190403,1600,111.481,111.487,111.427,111.470,3356479999
USDJPY,20190403,1700,111.471,111.501,111.410,111.428,4289649998
USDJPY,20190403,1800,111.425,111.499,111.414,111.460,5204590003
USDJPY,20190403,1900,111.460,111.493,111.428,111.483,6093610000
USDJPY,20190403,2000,111.483,111.513,111.475,111.486,2002090000
USDJPY,20190403,2100,111.486,111.490,111.433,111.452,5786480000
USDJPY,20190403,2200,111.454,111.464,111.409,111.464,1280180000
USDJPY,20190403,2300,111.463,111.471,111.390,111.395,3488680000
USDJPY,20190404,0000,111.395,111.521,111.355,111.479,7005660000
USDJPY,20190404,0100,111.479,111.513,111.458,111.488,4503730000
USDJPY,20190404,0200,111.487,111.487,111.402,111.429,4872680005
USDJPY,20190404,0300,111.429,111.430,111.371,111.409,4441279997
USDJPY,20190404,0400,111.410,111.410,111.366,111.404,4010080012
USDJPY,20190404,0500,111.405,111.446,111.395,111.426,6267470003
USDJPY,20190404,0600,111.427,111.432,111.334,111.367,6477869999
USDJPY,20190404,0700,111.368,111.435,111.340,111.354,6827470000
USDJPY,20190404,0800,111.353,111.432,111.340,111.413,5578689998
USDJPY,20190404,0900,111.413,111.435,111.377,111.410,5376549998
USDJPY,20190404,1000,111.410,111.428,111.374,111.401,4197489999
USDJPY,20190404,1100,111.401,111.431,111.396,111.413,4399100003
USDJPY,20190404,1200,111.413,111.505,111.401,111.482,8364029993
USDJPY,20190404,1300,111.481,111.630,111.470,111.573,11600029997
USDJPY,20190404,1400,111.573,111.610,111.526,111.568,8528580001
USDJPY,20190404,1500,111.567,111.584,111.516,111.553,6751780001
USDJPY,20190404,1600,111.553,111.561,111.501,111.547,6591619999
USDJPY,20190404,1700,111.547,111.560,111.507,111.535,5683440006
USDJPY,20190404,1800,111.534,111.600,111.533,111.599,3529689999
USDJPY,20190404,1900,111.598,111.599,111.568,111.586,4217789996
USDJPY,20190404,2000,111.586,111.683,111.584,111.648,2445510000
USDJPY,20190404,2100,111.642,111.673,111.608,111.614,6567280000
USDJPY,20190404,2200,111.615,111.647,111.596,111.635,1935920000
USDJPY,20190404,2300,111.636,111.667,111.632,111.654,3421320000
USDJPY,20190405,0000,111.652,111.801,111.646,111.734,10193870001
USDJPY,20190405,0100,111.733,111.754,111.664,111.679,4281480000
USDJPY,20190405,0200,111.680,111.724,111.672,111.717,3758960000
USDJPY,20190405,0300,111.718,111.735,111.695,111.700,3286479999
USDJPY,20190405,0400,111.702,111.713,111.670,111.698,2693159997
USDJPY,20190405,0500,111.697,111.711,111.668,111.682,2896520000
USDJPY,20190405,0600,111.683,111.721,111.646,111.668,6369309993
USDJPY,20190405,0700,111.667,111.675,111.616,111.672,5519639999
USDJPY,20190405,0800,111.671,111.721,111.669,111.684,4598970004
USDJPY,20190405,0900,111.685,111.719,111.679,111.717,3377690000
USDJPY,20190405,1000,111.717,111.742,111.686,111.723,3525910000
USDJPY,20190405,1100,111.723,111.741,111.677,111.712,3992030000
USDJPY,20190405,1200,111.714,111.822,111.549,111.640,14474040000
USDJPY,20190405,1300,111.641,111.748,111.628,111.718,10565270004
USDJPY,20190405,1400,111.719,111.750,111.640,111.737,8347640006
USDJPY,20190405,1500,111.737,111.789,111.697,111.708,6606229990
USDJPY,20190405,1600,111.708,111.750,111.706,111.732,3208450000
USDJPY,20190405,1700,111.732,111.748,111.705,111.707,2952220000
USDJPY,20190405,1800,111.707,111.715,111.681,111.693,2707899999
USDJPY,20190405,1900,111.692,111.714,111.666,111.676,4096330001
USDJPY,20190405,2000,111.677,111.716,111.675,111.688,1878720000
USDJPY,20190407,2100,111.665,111.746,111.647,111.692,997720000
USDJPY,20190407,2200,111.687,111.700,111.676,111.676,3071120000
USDJPY,20190407,2300,111.677,111.730,111.670,111.713,3210160000
USDJPY,20190408,0000,111.713,111.713,111.401,111.505,9775810000
USDJPY,20190408,0100,111.504,111.529,111.469,111.502,5757229999
USDJPY,20190408,0200,111.502,111.504,111.347,111.391,5877080000
USDJPY,20190408,0300,111.390,111.407,111.344,111.404,4607760001
USDJPY,20190408,0400,111.403,111.405,111.348,111.396,3952680002
USDJPY,20190408,0500,111.395,111.428,111.364,111.424,3332799999
USDJPY,20190408,0600,111.426,111.458,111.412,111.442,5895110000
USDJPY,20190408,0700,111.443,111.462,111.425,111.451,6528809984
USDJPY,20190408,0800,111.451,111.499,111.445,111.461,4132810001
USDJPY,20190408,0900,111.460,111.470,111.394,111.411,4175829988
USDJPY,20190408,1000,111.411,111.471,111.407,111.465,4693210007
USDJPY,20190408,1100,111.467,111.477,111.426,111.451,3807090000
USDJPY,20190408,1200,111.452,111.472,111.358,111.358,6395170000
USDJPY,20190408,1300,111.358,111.387,111.283,111.309,9220199998
USDJPY,20190408,1400,111.309,111.422,111.307,111.417,7570840002
USDJPY,20190408,1500,111.416,111.526,111.410,111.473,6845840000
USDJPY,20190408,1600,111.473,111.484,111.437,111.454,2978640000
USDJPY,20190408,1700,111.455,111.506,111.455,111.485,2928300000
USDJPY,20190408,1800,111.486,111.535,111.471,111.513,3532550000
USDJPY,20190408,1900,111.513,111.526,111.485,111.485,3980520000
USDJPY,20190408,2000,111.486,111.498,111.462,111.464,1369950000
USDJPY,20190408,2100,111.453,111.510,111.453,111.487,7806950000
USDJPY,20190408,2200,111.488,111.508,111.473,111.473,1205320000
USDJPY,20190408,2300,111.474,111.480,111.448,111.450,2065790000
USDJPY,20190409,0000,111.449,111.579,111.387,111.399,8539489997
USDJPY,20190409,0100,111.399,111.405,111.308,111.338,7835199990
USDJPY,20190409,0200,111.346,111.347,111.280,111.334,5911270000
USDJPY,20190409,0300,111.334,111.385,111.332,111.377,3714950000
USDJPY,20190409,0400,111.378,111.386,111.338,111.357,3166650014
USDJPY,20190409,0500,111.357,111.363,111.319,111.331,3886340000
USDJPY,20190409,0600,111.332,111.367,111.327,111.343,6841090005
USDJPY,20190409,0700,111.346,111.360,111.238,111.263,6739830001
USDJPY,20190409,0800,111.260,111.361,111.246,111.330,6669930004
USDJPY,20190409,0900,111.330,111.330,111.238,111.267,4809600002
USDJPY,20190409,1000,111.268,111.307,111.263,111.286,3150620000
USDJPY,20190409,1100,111.287,111.379,111.280,111.351,4234130002
USDJPY,20190409,1200,111.351,111.356,111.080,111.081,11370140053
USDJPY,20190409,1300,111.081,111.100,110.979,111.093,12749899997
USDJPY,20190409,1400,111.094,111.153,111.062,111.122,9803859999
USDJPY,20190409,1500,111.124,111.155,111.087,111.088,6432030001
USDJPY,20190409,1600,111.087,111.128,111.066,111.124,3439980001
USDJPY,20190409,1700,111.124,111.144,111.102,111.117,3147469999
USDJPY,20190409,1800,111.120,111.121,111.095,111.103,3162710000
USDJPY,20190409,1900,111.103,111.136,111.100,111.134,3606359999
USDJPY,20190409,2000,111.137,111.161,111.127,111.132,1878440000
USDJPY,20190409,2100,111.132,111.166,111.118,111.133,5955080000
USDJPY,20190409,2200,111.133,111.153,111.116,111.132,2902339990
USDJPY,20190409,2300,111.135,111.152,111.059,111.091,3274050000
USDJPY,20190410,0000,111.091,111.195,111.081,111.161,6150890000
USDJPY,20190410,0100,111.160,111.229,111.075,111.115,6871840001
USDJPY,20190410,0200,111.117,111.178,111.099,111.173,4931750000
USDJPY,20190410,0300,111.173,111.197,111.128,111.149,3492870000
USDJPY,20190410,0400,111.149,111.155,111.115,111.121,2101300002
USDJPY,20190410,0500,111.122,111.174,111.122,111.173,2579099994
USDJPY,20190410,0600,111.172,111.193,111.115,111.116,4368300002
USDJPY,20190410,0700,111.117,111.236,111.117,111.180,5477600002
USDJPY,20190410,0800,111.181,111.187,111.120,111.142,4488249999
USDJPY,20190410,0900,111.142,111.153,111.120,111.123,3926790010
USDJPY,20190410,1000,111.123,111.223,111.121,111.221,3633510000
USDJPY,20190410,1100,111.221,111.240,111.157,111.162,5206929999
USDJPY,20190410,1200,111.163,111.280,111.108,111.177,14040220009
USDJPY,20190410,1300,111.179,111.202,111.041,111.068,12749749994
USDJPY,20190410,1400,111.067,111.083,110.925,110.936,8876309998
USDJPY,20190410,1500,110.939,110.966,110.889,110.925,8020399999
USDJPY,20190410,1600,110.926,110.945,110.867,110.871,3459150001
USDJPY,20190410,1700,110.873,110.881,110.843,110.860,3651349999
USDJPY,20190410,1800,110.860,110.981,110.851,110.978,6163290000
USDJPY,20190410,1900,110.980,110.986,110.927,110.962,4283429997
USDJPY,20190410,2000,110.962,111.014,110.962,111.003,1961570000
USDJPY,20190410,2100,111.000,111.002,110.900,110.915,8915290000
USDJPY,20190410,2200,110.916,110.969,110.916,110.949,1869390000
USDJPY,20190410,2300,110.949,111.015,110.917,110.987,2524130000
USDJPY,20190411,0000,110.987,111.131,110.987,111.068,5934170000
USDJPY,20190411,0100,111.068,111.106,111.032,111.051,3788170003
USDJPY,20190411,0200,111.051,111.078,111.029,111.056,3761910001
USDJPY,20190411,0300,111.055,111.075,111.039,111.062,3238170001
USDJPY,20190411,0400,111.062,111.100,111.045,111.056,3968020005
USDJPY,20190411,0500,111.054,111.090,111.050,111.071,4179389985
USDJPY,20190411,0600,111.072,111.143,111.050,111.139,5264610005
USDJPY,20190411,0700,111.138,111.167,111.073,111.093,7501510006
USDJPY,20190411,0800,111.093,111.156,111.087,111.109,5511110002
USDJPY,20190411,0900,111.109,111.136,111.090,111.104,3558860004
USDJPY,20190411,1000,111.104,111.129,111.095,111.116,3121760000
USDJPY,20190411,1100,111.116,111.213,111.114,111.189,4727660002
USDJPY,20190411,1200,111.188,111.334,111.184,111.320,8677300001
USDJPY,20190411,1300,111.320,111.391,111.274,111.333,10345390002
USDJPY,20190411,1400,111.333,111.490,111.333,111.482,10390350003
USDJPY,20190411,1500,111.483,111.528,111.422,111.485,8917049998
USDJPY,20190411,1600,111.485,111.575,111.480,111.568,4682109999
USDJPY,20190411,1700,111.568,111.636,111.557,111.565,4912820001
USDJPY,20190411,1800,111.564,111.691,111.559,111.665,4859009999
USDJPY,20190411,1900,111.666,111.696,111.627,111.638,4278819999
USDJPY,20190411,2000,111.638,111.671,111.627,111.645,2538470000
USDJPY,20190411,2100,111.643,111.656,111.614,111.619,9871860000
USDJPY,20190411,2200,111.630,111.639,111.620,111.625,2142830000
USDJPY,20190411,2300,111.625,111.647,111.585,111.646,2303560000
USDJPY,20190412,0000,111.644,111.812,111.637,111.771,10169750006
USDJPY,20190412,0100,111.770,111.816,111.701,111.701,6485530000
USDJPY,20190412,0200,111.701,111.739,111.695,111.716,2917959999
USDJPY,20190412,0300,111.718,111.776,111.716,111.756,2313290000
USDJPY,20190412,0400,111.756,111.761,111.724,111.743,2453839998
USDJPY,20190412,0500,111.743,111.832,111.740,111.782,4584180018
USDJPY,20190412,0600,111.782,111.857,111.775,111.844,4762860000
USDJPY,20190412,0700,111.844,111.879,111.828,111.861,6357209987
USDJPY,20190412,0800,111.860,111.967,111.854,111.938,10462759997
USDJPY,20190412,0900,111.937,111.945,111.844,111.892,6845590000
USDJPY,20190412,1000,111.892,111.967,111.887,111.951,7321560004
USDJPY,20190412,1100,111.951,111.992,111.939,111.981,6592600004
USDJPY,20190412,1200,111.982,111.993,111.921,111.952,6964809998
USDJPY,20190412,1300,111.956,111.967,111.908,111.913,8509679999
USDJPY,20190412,1400,111.911,111.978,111.855,111.972,10295169998
USDJPY,20190412,1500,111.971,112.022,111.951,111.998,7373320001
USDJPY,20190412,1600,111.997,112.038,111.996,112.027,4426210002
USDJPY,20190412,1700,112.026,112.030,111.995,112.022,3827940008
USDJPY,20190412,1800,112.021,112.085,112.013,112.080,3649649999
USDJPY,20190412,1900,112.082,112.093,112.000,112.010,3899740003
USDJPY,20190412,2000,112.010,112.020,111.990,111.993,1742530000
USDJPY,20190414,2100,111.955,112.022,111.947,111.981,2018640000
USDJPY,20190414,2200,111.981,112.025,111.974,111.992,2368770000
USDJPY,20190414,2300,111.992,112.055,111.991,112.037,4432869988
USDJPY,20190415,0000,112.037,112.095,111.956,111.961,5770060000
USDJPY,20190415,0100,111.961,112.012,111.943,111.966,4142169998
USDJPY,20190415,0200,111.968,112.013,111.956,111.995,3230059999
USDJPY,20190415,0300,111.995,112.002,111.920,111.927,3944359993
USDJPY,20190415,0400,111.926,111.952,111.919,111.940,3858810007
USDJPY,20190415,0500,111.941,111.947,111.895,111.915,2767379999
USDJPY,20190415,0600,111.914,111.967,111.895,111.897,9178499983
USDJPY,20190415,0700,111.896,111.956,111.886,111.917,4917770000
USDJPY,20190415,0800,111.917,111.979,111.904,111.961,4868030003
USDJPY,20190415,0900,111.960,111.980,111.922,111.934,4222670000
USDJPY,20190415,1000,111.933,111.967,111.914,111.945,4298280005
USDJPY,20190415,1100,111.945,111.979,111.929,111.971,3268769999
USDJPY,20190415,1200,111.971,112.074,111.950,112.021,7038879999
USDJPY,20190415,1300,112.020,112.066,111.982,112.026,7402080003
USDJPY,20190415,1400,112.027,112.058,111.967,112.001,6908249999
USDJPY,20190415,1500,112.001,112.025,111.967,112.005,6086240002
USDJPY,20190415,1600,112.004,112.007,111.965,111.970,2904480000
USDJPY,20190415,1700,111.970,112.039,111.968,112.014,2432200000
USDJPY,20190415,1800,112.019,112.030,111.995,112.014,2726870000
USDJPY,20190415,1900,112.016,112.021,111.980,111.981,3986589998
USDJPY,20190415,2000,111.987,112.050,111.986,112.032,1687110000
USDJPY,20190415,2100,112.031,112.043,111.964,111.974,7664440000
USDJPY,20190415,2200,111.975,112.007,111.949,111.989,1576300000
USDJPY,20190415,2300,111.989,111.993,111.932,111.949,1857840000
USDJPY,20190416,0000,111.949,112.045,111.943,111.979,5806680000
USDJPY,20190416,0100,111.979,111.993,111.922,111.956,5118810000
USDJPY,20190416,0200,111.956,111.979,111.889,111.959,5573309997
USDJPY,20190416,0300,111.959,112.003,111.940,111.940,3651100000
USDJPY,20190416,0400,111.940,111.964,111.914,111.959,2697630000
USDJPY,20190416,0500,111.961,111.962,111.917,111.924,3177289999
USDJPY,20190416,0600,111.925,111.942,111.854,111.855,8056700005
USDJPY,20190416,0700,111.855,111.946,111.851,111.895,9767370002
USDJPY,20190416,0800,111.896,111.958,111.879,111.941,6353849999
USDJPY,20190416,0900,111.941,111.959,111.846,111.872,8754099999
USDJPY,20190416,1000,111.871,111.916,111.864,111.898,5795750000
USDJPY,20190416,1100,111.898,111.945,111.870,111.928,5102820002
USDJPY,20190416,1200,111.929,112.042,111.921,111.983,10223930000
USDJPY,20190416,1300,111.982,112.021,111.946,111.957,8916249998
USDJPY,20190416,1400,111.957,112.014,111.917,111.932,8033570000
USDJPY,20190416,1500,111.932,111.976,111.899,111.957,7674959996
USDJPY,20190416,1600,111.955,112.013,111.955,112.004,2829250000
USDJPY,20190416,1700,112.005,112.010,111.968,111.970,2715740000
USDJPY,20190416,1800,111.970,112.001,111.963,111.997,2673480001
USDJPY,20190416,1900,111.995,112.016,111.976,112.013,4558929997
USDJPY,20190416,2000,112.013,112.033,111.982,111.982,7421619988
USDJPY,20190416,2100,111.982,112.021,111.966,111.997,3032860000
USDJPY,20190416,2200,112.003,112.037,111.971,111.985,2912160000
USDJPY,20190416,2300,111.985,112.010,111.981,111.994,2710590000
USDJPY,20190417,0000,111.994,112.165,111.967,112.122,7653810002
USDJPY,20190417,0100,112.124,112.127,111.939,112.029,6913600000
USDJPY,20190417,0200,112.033,112.126,111.941,111.982,8338359996
USDJPY,20190417,0300,111.982,111.982,111.921,111.956,3944110001
USDJPY,20190417,0400,111.956,111.971,111.939,111.965,2586940001
USDJPY,20190417,0500,111.965,112.000,111.960,111.991,3417339992
USDJPY,20190417,0600,111.992,112.002,111.947,111.953,5502550002
USDJPY,20190417,0700,111.954,112.026,111.949,112.013,5010160000
USDJPY,20190417,0800,112.013,112.062,111.995,112.007,6627129990
USDJPY,20190417,0900,112.008,112.029,111.963,112.020,4595530003
USDJPY,20190417,1000,112.020,112.034,111.997,112.010,3413720000
USDJPY,20190417,1100,112.011,112.028,111.975,111.981,4175199998
USDJPY,20190417,1200,111.982,112.018,111.961,111.987,5427250000
USDJPY,20190417,1300,111.987,112.016,111.934,111.953,7161450001
USDJPY,20190417,1400,111.954,112.015,111.926,111.993,8102289997
USDJPY,20190417,1500,111.993,112.016,111.960,111.998,6310329994
USDJPY,20190417,1600,112.000,112.015,111.965,112.002,4464510003
USDJPY,20190417,1700,112.002,112.065,111.989,112.038,3323870005
USDJPY,20190417,1800,112.039,112.102,112.027,112.062,3573610001
USDJPY,20190417,1900,112.062,112.122,112.061,112.091,3068940000
USDJPY,20190417,2000,112.090,112.102,112.054,112.056,2085800000
USDJPY,20190417,2100,112.051,112.062,112.001,112.032,3491220000
USDJPY,20190417,2200,112.031,112.059,112.022,112.036,1519980000
USDJPY,20190417,2300,112.036,112.062,112.026,112.033,1610130000
USDJPY,20190418,0000,112.034,112.046,111.950,111.962,4519140000
USDJPY,20190418,0100,111.962,111.991,111.899,111.905,6844880000
USDJPY,20190418,0200,111.908,111.981,111.906,111.952,3311810001
USDJPY,20190418,0300,111.952,111.972,111.872,111.879,4357440000
USDJPY,20190418,0400,111.879,111.927,111.877,111.889,2933200000
USDJPY,20190418,0500,111.888,111.899,111.841,111.869,3492530004
USDJPY,20190418,0600,111.870,111.931,111.870,111.899,4850810003
USDJPY,20190418,0700,111.901,111.935,111.822,111.842,12344220001
USDJPY,20190418,0800,111.842,111.898,111.766,111.884,11178730002
USDJPY,20190418,0900,111.885,111.939,111.841,111.914,5958260001
USDJPY,20190418,1000,111.914,111.944,111.903,111.923,4154929994
USDJPY,20190418,1100,111.923,111.942,111.879,111.896,4396340011
USDJPY,20190418,1200,111.897,112.025,111.862,111.967,9513770003
USDJPY,20190418,1300,111.966,111.976,111.851,111.871,10944880001
USDJPY,20190418,1400,111.871,111.923,111.847,111.877,9367949997
USDJPY,20190418,1500,111.877,111.952,111.873,111.943,6813570000
USDJPY,20190418,1600,111.943,112.002,111.937,111.989,5028440006
USDJPY,20190418,1700,111.989,111.990,111.924,111.950,3065270001
USDJPY,20190418,1800,111.949,111.961,111.936,111.945,2674900003
USDJPY,20190418,1900,111.948,111.967,111.919,111.933,3209509999
USDJPY,20190418,2000,111.934,111.991,111.934,111.952,3246760000
USDJPY,20190418,2100,111.952,111.987,111.918,111.979,6325300000
USDJPY,20190418,2200,111.979,111.999,111.961,111.978,9101630000
USDJPY,20190418,2300,111.978,111.996,111.963,111.991,2245510000
USDJPY,20190419,0000,111.990,112.005,111.935,111.944,1749400000
USDJPY,20190419,0100,111.943,111.949,111.895,111.937,2643730001
USDJPY,20190419,0200,111.938,111.954,111.917,111.920,2105180000
USDJPY,20190419,0300,111.921,111.942,111.919,111.930,1496180000
USDJPY,20190419,0400,111.929,111.931,111.907,111.913,1630150000
USDJPY,20190419,0500,111.913,111.922,111.905,111.915,7873589997
USDJPY,20190419,0600,111.915,111.929,111.905,111.918,5509469998
USDJPY,20190419,0700,111.918,111.931,111.905,111.921,3721580000
USDJPY,20190419,0800,111.921,111.931,111.902,111.919,4624610000
USDJPY,20190419,0900,111.919,111.926,111.907,111.918,4229550000
USDJPY,20190419,1000,111.919,111.925,111.910,111.918,8471230000
USDJPY,20190419,1100,111.918,111.933,111.910,111.918,5443980000
USDJPY,20190419,1200,111.918,111.935,111.914,111.931,4971130000
USDJPY,20190419,1300,111.932,111.948,111.920,111.929,4122400000
USDJPY,20190419,1400,111.929,111.933,111.918,111.926,5033910000
USDJPY,20190419,1500,111.927,111.932,111.913,111.922,8126170000
USDJPY,20190419,1600,111.922,111.930,111.916,111.919,6690010000
USDJPY,20190419,1700,111.918,111.930,111.916,111.920,3360690000
USDJPY,20190419,1800,111.920,111.932,111.919,111.929,4037869995
USDJPY,20190419,1900,111.928,111.930,111.924,111.926,4013760000
USDJPY,20190419,2000,111.927,111.945,111.859,111.859,5848550000
USDJPY,20190421,2100,111.854,111.917,111.844,111.911,1029850000
USDJPY,20190421,2200,111.911,111.945,111.909,111.916,3287480000
USDJPY,20190421,2300,111.915,111.928,111.897,111.914,2697380000
USDJPY,20190422,0000,111.915,111.991,111.892,111.975,5878280000
USDJPY,20190422,0100,111.976,111.983,111.906,111.950,6358690000
USDJPY,20190422,0200,111.949,111.963,111.930,111.950,3180350000
USDJPY,20190422,0300,111.950,111.962,111.914,111.915,3274790000
USDJPY,20190422,0400,111.914,111.939,111.903,111.927,2349590000
USDJPY,20190422,0500,111.927,111.946,111.908,111.927,2770660000
USDJPY,20190422,0600,111.926,111.934,111.896,111.898,3136870000
USDJPY,20190422,0700,111.899,111.913,111.887,111.898,2405040000
USDJPY,20190422,0800,111.898,111.925,111.891,111.923,1324700000
USDJPY,20190422,0900,111.922,111.923,111.910,111.921,820780000
USDJPY,20190422,1000,111.920,111.928,111.916,111.919,975870000
USDJPY,20190422,1100,111.921,111.940,111.911,111.930,1393690000
USDJPY,20190422,1200,111.931,111.948,111.906,111.911,3893820000
USDJPY,20190422,1300,111.911,111.942,111.898,111.927,7264010000
USDJPY,20190422,1400,111.927,111.952,111.901,111.921,6894190001
USDJPY,20190422,1500,111.921,111.949,111.912,111.947,4944800000
USDJPY,20190422,1600,111.947,111.952,111.923,111.934,2513710000
USDJPY,20190422,1700,111.934,111.936,111.916,111.917,1918900000
USDJPY,20190422,1800,111.918,111.955,111.906,111.935,2519700000
USDJPY,20190422,1900,111.935,111.945,111.928,111.928,2735380000
USDJPY,20190422,2000,111.928,111.952,111.927,111.934,1822090000
USDJPY,20190422,2100,111.936,111.945,111.897,111.923,6524690000
USDJPY,20190422,2200,111.923,111.950,111.916,111.936,1207070000
USDJPY,20190422,2300,111.935,111.951,111.920,111.932,1345580000
USDJPY,20190423,0000,111.932,111.976,111.696,111.700,8071760000
USDJPY,20190423,0100,111.700,111.780,111.651,111.773,7197410000
USDJPY,20190423,0200,111.774,111.800,111.762,111.767,4223410000
USDJPY,20190423,0300,111.766,111.853,111.762,111.841,4033670000
USDJPY,20190423,0400,111.840,111.877,111.811,111.866,3807560000
USDJPY,20190423,0500,111.866,111.925,111.849,111.925,4992000000
USDJPY,20190423,0600,111.925,111.939,111.866,111.875,5313739999
USDJPY,20190423,0700,111.875,111.890,111.851,111.852,5993970000
USDJPY,20190423,0800,111.855,111.883,111.836,111.863,3955240000
USDJPY,20190423,0900,111.862,111.870,111.831,111.853,2872420000
USDJPY,20190423,1000,111.854,111.876,111.846,111.865,3088680000
USDJPY,20190423,1100,111.866,111.909,111.865,111.904,3216210000
USDJPY,20190423,1200,111.906,111.980,111.863,111.977,6141840000
USDJPY,20190423,1300,111.978,112.032,111.899,111.917,7552080000
USDJPY,20190423,1400,111.930,111.979,111.881,111.884,7076510000
USDJPY,20190423,1500,111.885,111.934,111.862,111.877,5347200000
USDJPY,20190423,1600,111.876,111.883,111.760,111.792,4702480000
USDJPY,20190423,1700,111.792,111.819,111.786,111.798,3533610000
USDJPY,20190423,1800,111.800,111.842,111.792,111.841,2518950000
USDJPY,20190423,1900,111.842,111.852,111.814,111.821,2931820000
USDJPY,20190423,2000,111.821,111.883,111.820,111.854,2070920000
USDJPY,20190423,2100,111.855,111.884,111.832,111.874,7006550000
USDJPY,20190423,2200,111.874,111.884,111.848,111.874,2012870000
USDJPY,20190423,2300,111.873,111.901,111.852,111.880,2806540000
USDJPY,20190424,0000,111.880,111.928,111.811,111.903,6829890000
USDJPY,20190424,0100,111.905,111.981,111.879,111.907,5935090000
USDJPY,20190424,0200,111.909,111.920,111.847,111.887,4431320000
USDJPY,20190424,0300,111.887,111.890,111.761,111.774,3837500000
USDJPY,20190424,0400,111.773,111.850,111.767,111.831,3734580000
USDJPY,20190424,0500,111.831,111.837,111.811,111.837,2725990000
USDJPY,20190424,0600,111.835,111.840,111.749,111.821,5572669999
USDJPY,20190424,0700,111.822,111.846,111.805,111.814,5344840000
USDJPY,20190424,0800,111.812,111.851,111.791,111.831,5055990000
USDJPY,20190424,0900,111.830,111.925,111.823,111.872,5871100000
USDJPY,20190424,1000,111.871,111.880,111.835,111.863,4092200000
USDJPY,20190424,1100,111.863,111.875,111.825,111.825,3826300000
USDJPY,20190424,1200,111.825,111.852,111.803,111.841,4742550000
USDJPY,20190424,1300,111.842,111.897,111.782,111.782,8831650000
USDJPY,20190424,1400,111.785,111.804,111.681,111.740,9068079999
USDJPY,20190424,1500,111.737,111.835,111.737,111.813,4552290000
USDJPY,20190424,1600,111.813,111.936,111.804,111.916,4253250000
USDJPY,20190424,1700,111.920,111.985,111.890,111.985,3863420000
USDJPY,20190424,1800,111.985,112.370,111.975,112.363,8458860000
USDJPY,20190424,1900,112.365,112.399,112.183,112.200,5204830000
USDJPY,20190424,2000,112.199,112.232,112.159,112.185,3599590000
USDJPY,20190424,2100,112.182,112.182,112.055,112.058,3698860000
USDJPY,20190424,2200,112.063,112.115,112.051,112.097,2718410000
USDJPY,20190424,2300,112.098,112.169,112.098,112.118,3774169999
USDJPY,20190425,0000,112.119,112.239,112.103,112.123,7651380000
USDJPY,20190425,0100,112.122,112.143,111.990,112.004,7613669998
USDJPY,20190425,0200,112.007,112.016,111.846,111.966,8181220001
USDJPY,20190425,0300,111.965,112.021,111.915,111.970,5691330001
USDJPY,20190425,0400,111.971,112.001,111.957,111.970,3344070000
USDJPY,20190425,0500,111.973,111.973,111.903,111.946,3469189999
USDJPY,20190425,0600,111.946,111.964,111.845,111.857,6001790000
USDJPY,20190425,0700,111.858,111.873,111.743,111.834,9434910000
USDJPY,20190425,0800,111.834,111.886,111.823,111.866,5455760000
USDJPY,20190425,0900,111.868,111.898,111.859,111.896,5156740000
USDJPY,20190425,1000,111.896,111.902,111.810,111.825,4830850000
USDJPY,20190425,1100,111.824,111.900,111.822,111.892,4026329998
USDJPY,20190425,1200,111.892,111.901,111.812,111.813,6577610000
USDJPY,20190425,1300,111.815,111.817,111.537,111.580,10301020001
USDJPY,20190425,1400,111.580,111.605,111.368,111.448,10513300000
USDJPY,20190425,1500,111.451,111.599,111.417,111.591,6719090000
USDJPY,20190425,1600,111.592,111.619,111.546,111.582,4600460000
USDJPY,20190425,1700,111.582,111.603,111.526,111.540,3226570000
USDJPY,20190425,1800,111.542,111.655,111.542,111.611,3400340000
USDJPY,20190425,1900,111.611,111.673,111.610,111.656,3857430000
USDJPY,20190425,2000,111.657,111.662,111.598,111.601,2985930000
USDJPY,20190425,2100,111.598,111.624,111.575,111.583,6800640000
USDJPY,20190425,2200,111.581,111.587,111.561,111.574,1371660000
USDJPY,20190425,2300,111.573,111.579,111.507,111.543,2507920000
USDJPY,20190426,0000,111.543,111.729,111.448,111.650,12837780004
USDJPY,20190426,0100,111.648,111.787,111.626,111.694,8299440000
USDJPY,20190426,0200,111.694,111.737,111.636,111.644,6252730000
USDJPY,20190426,0300,111.644,111.653,111.603,111.634,3732770000
USDJPY,20190426,0400,111.635,111.671,111.621,111.660,2678840000
USDJPY,20190426,0500,111.660,111.718,111.636,111.673,4436920001
USDJPY,20190426,0600,111.673,111.703,111.630,111.636,5958980000
USDJPY,20190426,0700,111.638,111.676,111.614,111.676,4541490000
USDJPY,20190426,0800,111.676,111.694,111.650,111.656,4635680000
USDJPY,20190426,0900,111.656,111.749,111.649,111.744,3136070000
USDJPY,20190426,1000,111.744,111.765,111.723,111.742,3264800000
USDJPY,20190426,1100,111.743,111.782,111.742,111.767,3526140000
USDJPY,20190426,1200,111.767,112.031,111.597,111.663,14958560000
USDJPY,20190426,1300,111.663,111.691,111.512,111.571,13051740001
USDJPY,20190426,1400,111.570,111.591,111.428,111.549,13325500000
USDJPY,20190426,1500,111.551,111.625,111.528,111.599,6081330000
USDJPY,20190426,1600,111.597,111.625,111.559,111.574,3329830000
USDJPY,20190426,1700,111.574,111.602,111.560,111.600,2239020000
USDJPY,20190426,1800,111.599,111.632,111.580,111.602,2933100000
USDJPY,20190426,1900,111.603,111.615,111.577,111.606,4783370000
USDJPY,20190426,2000,111.605,111.646,111.473,111.526,3435700000
USDJPY,20190428,2100,111.533,111.588,111.533,111.578,584210000
USDJPY,20190428,2200,111.578,111.605,111.566,111.597,832920000
USDJPY,20190428,2300,111.597,111.612,111.579,111.601,1092220000
USDJPY,20190429,0000,111.600,111.629,111.577,111.610,3459980000
USDJPY,20190429,0100,111.612,111.639,111.609,111.630,3021760000
USDJPY,20190429,0200,111.633,111.639,111.588,111.592,2951960000
USDJPY,20190429,0300,111.592,111.610,111.589,111.598,1722090000
USDJPY,20190429,0400,111.598,111.611,111.590,111.607,1939310000
USDJPY,20190429,0500,111.607,111.629,111.597,111.622,2147730000
USDJPY,20190429,0600,111.622,111.664,111.609,111.658,3527400000
USDJPY,20190429,0700,111.658,111.759,111.656,111.756,4206480000
USDJPY,20190429,0800,111.757,111.777,111.729,111.739,3243340000
USDJPY,20190429,0900,111.739,111.744,111.688,111.709,3344260000
USDJPY,20190429,1000,111.709,111.744,111.708,111.734,2799920000
USDJPY,20190429,1100,111.733,111.770,111.724,111.732,2948590000
USDJPY,20190429,1200,111.732,111.845,111.672,111.834,6464909999
USDJPY,20190429,1300,111.833,111.898,111.795,111.884,6790260000
USDJPY,20190429,1400,111.887,111.892,111.785,111.793,4746280000
USDJPY,20190429,1500,111.793,111.841,111.780,111.798,4104520000
USDJPY,20190429,1600,111.799,111.831,111.769,111.800,4157370000
USDJPY,20190429,1700,111.799,111.818,111.756,111.767,2880830000
USDJPY,20190429,1800,111.767,111.780,111.721,111.721,2576430000
USDJPY,20190429,1900,111.721,111.749,111.652,111.665,3253440000
USDJPY,20190429,2000,111.666,111.674,111.634,111.644,2217370000
USDJPY,20190429,2100,111.642,111.676,111.626,111.648,5610130000
USDJPY,20190429,2200,111.647,111.681,111.637,111.664,1193510000
USDJPY,20190429,2300,111.663,111.689,111.660,111.681,1332240000
USDJPY,20190430,0000,111.682,111.687,111.622,111.635,3043880000
USDJPY,20190430,0100,111.634,111.635,111.555,111.574,6467990000
USDJPY,20190430,0200,111.573,111.612,111.573,111.597,2685550000
USDJPY,20190430,0300,111.597,111.599,111.560,111.566,1940530000
USDJPY,20190430,0400,111.567,111.575,111.490,111.512,2536240000
USDJPY,20190430,0500,111.511,111.535,111.482,111.525,2553800000
USDJPY,20190430,0600,111.526,111.528,111.355,111.417,7885529999
USDJPY,20190430,0700,111.421,111.426,111.275,111.328,6220850000
USDJPY,20190430,0800,111.329,111.399,111.293,111.372,6301110000
USDJPY,20190430,0900,111.374,111.423,111.302,111.308,4804010000
USDJPY,20190430,1000,111.309,111.350,111.290,111.324,4149150000
USDJPY,20190430,1100,111.324,111.324,111.235,111.270,4335220000
USDJPY,20190430,1200,111.269,111.384,111.268,111.373,7937580000
USDJPY,20190430,1300,111.372,111.410,111.244,111.277,8087650000
USDJPY,20190430,1400,111.276,111.466,111.274,111.377,10268770000
USDJPY,20190430,1500,111.374,111.416,111.301,111.400,8506220000
USDJPY,20190430,1600,111.402,111.416,111.301,111.322,4435420002
USDJPY,20190430,1700,111.324,111.354,111.315,111.348,3644320000
USDJPY,20190430,1800,111.348,111.378,111.341,111.353,3635950000
USDJPY,20190430,1900,111.353,111.397,111.325,111.394,5481270000
USDJPY,20190430,2000,111.396,111.472,111.367,111.410,2889610000
USDJPY,20190430,2100,111.409,111.443,111.368,111.442,2195000000
USDJPY,20190430,2200,111.442,111.463,111.409,111.449,1173450000
USDJPY,20190430,2300,111.447,111.456,111.391,111.398,1687580000
USDJPY,20190501,0000,111.397,111.423,111.393,111.397,1326610000
USDJPY,20190501,0100,111.397,111.438,111.392,111.437,973710000
USDJPY,20190501,0200,111.436,111.461,111.433,111.446,935970000
USDJPY,20190501,0300,111.444,111.501,111.444,111.495,1913580000
USDJPY,20190501,0400,111.495,111.500,111.486,111.492,1193590000
USDJPY,20190501,0500,111.493,111.493,111.471,111.475,914470000
USDJPY,20190501,0600,111.475,111.545,111.470,111.544,1610420000
USDJPY,20190501,0700,111.545,111.549,111.450,111.464,1482980000
USDJPY,20190501,0800,111.463,111.475,111.418,111.418,1837540000
USDJPY,20190501,0900,111.420,111.421,111.290,111.313,3481770000
USDJPY,20190501,1000,111.312,111.339,111.255,111.294,2642860000
USDJPY,20190501,1100,111.294,111.333,111.294,111.300,1835810000
USDJPY,20190501,1200,111.300,111.424,111.285,111.415,6878410000
USDJPY,20190501,1300,111.415,111.423,111.329,111.358,4574040000
USDJPY,20190501,1400,111.358,111.358,111.125,111.172,9150140000
USDJPY,20190501,1500,111.175,111.183,111.131,111.182,4336540000
USDJPY,20190501,1600,111.182,111.200,111.145,111.156,3448130000
USDJPY,20190501,1700,111.158,111.186,111.129,111.129,3591440000
USDJPY,20190501,1800,111.130,111.613,111.051,111.603,20922880001
USDJPY,20190501,1900,111.602,111.602,111.410,111.436,13943070001
USDJPY,20190501,2000,111.434,111.452,111.369,111.369,2720630000
USDJPY,20190501,2100,111.368,111.461,111.356,111.410,4360080000
USDJPY,20190501,2200,111.412,111.413,111.348,111.389,1267030000
USDJPY,20190501,2300,111.389,111.470,111.389,111.448,1464460000
USDJPY,20190502,0000,111.449,111.537,111.444,111.528,3717490000
USDJPY,20190502,0100,111.528,111.571,111.487,111.549,3533160000
USDJPY,20190502,0200,111.547,111.662,111.539,111.658,4812690000
USDJPY,20190502,0300,111.659,111.664,111.526,111.547,4618210000
USDJPY,20190502,0400,111.547,111.554,111.517,111.554,2208910000
USDJPY,20190502,0500,111.554,111.564,111.532,111.556,2446230000
USDJPY,20190502,0600,111.557,111.601,111.538,111.573,4390170000
USDJPY,20190502,0700,111.572,111.572,111.445,111.505,7423969999
USDJPY,20190502,0800,111.505,111.543,111.483,111.524,5938720000
USDJPY,20190502,0900,111.525,111.553,111.519,111.541,5037000000
USDJPY,20190502,1000,111.542,111.556,111.516,111.526,3968400000
USDJPY,20190502,1100,111.526,111.533,111.468,111.513,6365450000
USDJPY,20190502,1200,111.513,111.524,111.452,111.513,8558180000
USDJPY,20190502,1300,111.515,111.551,111.497,111.521,8334260000
USDJPY,20190502,1400,111.521,111.569,111.510,111.538,6958920000
USDJPY,20190502,1500,111.538,111.571,111.372,111.392,10579170002
USDJPY,20190502,1600,111.394,111.499,111.388,111.494,6762300000
USDJPY,20190502,1700,111.494,111.508,111.475,111.483,4332319999
USDJPY,20190502,1800,111.482,111.516,111.463,111.488,4277390000
USDJPY,20190502,1900,111.488,111.530,111.485,111.518,4739300000
USDJPY,20190502,2000,111.517,111.523,111.485,111.495,2656740000
USDJPY,20190502,2100,111.493,111.514,111.483,111.514,11803450000
USDJPY,20190502,2200,111.514,111.531,111.492,111.526,1030670000
USDJPY,20190502,2300,111.528,111.534,111.495,111.496,1132120000
USDJPY,20190503,0000,111.495,111.497,111.407,111.408,3827170000
USDJPY,20190503,0100,111.408,111.438,111.407,111.433,2932870000
USDJPY,20190503,0200,111.433,111.477,111.409,111.468,2338850000
USDJPY,20190503,0300,111.468,111.498,111.467,111.476,2170100000
USDJPY,20190503,0400,111.478,111.496,111.462,111.487,1858530000
USDJPY,20190503,0500,111.486,111.500,111.475,111.485,2133680000
USDJPY,20190503,0600,111.485,111.531,111.475,111.525,3091570000
USDJPY,20190503,0700,111.526,111.542,111.470,111.475,5842590000
USDJPY,20190503,0800,111.476,111.518,111.475,111.498,4388550000
USDJPY,20190503,0900,111.499,111.523,111.473,111.474,5613790000
USDJPY,20190503,1000,111.474,111.494,111.464,111.487,2955950000
USDJPY,20190503,1100,111.487,111.535,111.486,111.508,2926509998
USDJPY,20190503,1200,111.509,111.699,111.420,111.432,9938850000
USDJPY,20190503,1300,111.432,111.447,111.336,111.349,11827430000
USDJPY,20190503,1400,111.326,111.326,111.184,111.228,12701560000
USDJPY,20190503,1500,111.227,111.289,111.154,111.272,10242800000
USDJPY,20190503,1600,111.273,111.309,111.216,111.225,4474710000
USDJPY,20190503,1700,111.224,111.247,111.196,111.197,3043240001
USDJPY,20190503,1800,111.197,111.198,111.073,111.101,4782350000
USDJPY,20190503,1900,111.103,111.119,111.068,111.092,4389020000
USDJPY,20190503,2000,111.092,111.114,111.084,111.090,3238039999
USDJPY,20190505,2100,110.604,110.725,110.529,110.612,2974500000
USDJPY,20190505,2200,110.619,110.819,110.619,110.811,7534700000
USDJPY,20190505,2300,110.813,110.843,110.615,110.635,7279260000
USDJPY,20190506,0000,110.638,110.713,110.292,110.306,13424790000
USDJPY,20190506,0100,110.307,110.549,110.280,110.524,9725220000
USDJPY,20190506,0200,110.524,110.576,110.483,110.559,4851750000
USDJPY,20190506,0300,110.560,110.642,110.553,110.574,3313800000
USDJPY,20190506,0400,110.574,110.840,110.569,110.840,4154410001
USDJPY,20190506,0500,110.842,110.852,110.744,110.776,4925960000
USDJPY,20190506,0600,110.777,110.793,110.671,110.679,4005740000
USDJPY,20190506,0700,110.681,110.839,110.635,110.734,6403920000
USDJPY,20190506,0800,110.735,110.759,110.691,110.716,2529180000
USDJPY,20190506,0900,110.716,110.760,110.715,110.752,2352040000
USDJPY,20190506,1000,110.752,110.807,110.718,110.784,3175170000
USDJPY,20190506,1100,110.785,110.860,110.771,110.839,4896280000
USDJPY,20190506,1200,110.839,110.945,110.827,110.907,5868700000
USDJPY,20190506,1300,110.908,110.942,110.837,110.905,8555540000
USDJPY,20190506,1400,110.905,110.935,110.842,110.875,7935760000
USDJPY,20190506,1500,110.875,110.958,110.842,110.857,8026900000
USDJPY,20190506,1600,110.856,110.867,110.797,110.804,6174770000
USDJPY,20190506,1700,110.805,110.854,110.771,110.850,3657800000
USDJPY,20190506,1800,110.850,110.958,110.824,110.914,5424310000
USDJPY,20190506,1900,110.914,110.925,110.865,110.884,4613950000
USDJPY,20190506,2000,110.885,110.887,110.721,110.742,1923770000
USDJPY,20190506,2100,110.741,110.741,110.587,110.687,5870770000
USDJPY,20190506,2200,110.688,110.787,110.670,110.782,1919190000
USDJPY,20190506,2300,110.781,110.851,110.746,110.801,3242540000
USDJPY,20190507,0000,110.803,110.852,110.678,110.716,9313079999
USDJPY,20190507,0100,110.716,110.725,110.630,110.648,7287770000
USDJPY,20190507,0200,110.648,110.741,110.647,110.737,3987910000
USDJPY,20190507,0300,110.735,110.736,110.588,110.640,4552370000
USDJPY,20190507,0400,110.642,110.690,110.616,110.655,5137720000
USDJPY,20190507,0500,110.655,110.655,110.610,110.632,3339810000
USDJPY,20190507,0600,110.631,110.848,110.596,110.720,9107200000
USDJPY,20190507,0700,110.721,110.725,110.605,110.652,9092030000
USDJPY,20190507,0800,110.653,110.684,110.553,110.562,6138370000
USDJPY,20190507,0900,110.562,110.633,110.541,110.568,5647220000
USDJPY,20190507,1000,110.569,110.635,110.568,110.581,4544650000
USDJPY,20190507,1100,110.581,110.660,110.573,110.591,5630850000
USDJPY,20190507,1200,110.591,110.672,110.549,110.658,6156680000
USDJPY,20190507,1300,110.657,110.670,110.450,110.483,10337550001
USDJPY,20190507,1400,110.483,110.494,110.381,110.395,13328370000
USDJPY,20190507,1500,110.397,110.449,110.331,110.345,12146140001
USDJPY,20190507,1600,110.344,110.400,110.307,110.334,8035530000
USDJPY,20190507,1700,110.335,110.355,110.170,110.192,9814180000
USDJPY,20190507,1800,110.191,110.301,110.175,110.258,10329580000
USDJPY,20190507,1900,110.258,110.295,110.180,110.272,9016460000
USDJPY,20190507,2000,110.271,110.318,110.240,110.240,2437820000
USDJPY,20190507,2100,110.240,110.293,110.209,110.255,6916390000
USDJPY,20190507,2200,110.255,110.278,110.226,110.252,1402770000
USDJPY,20190507,2300,110.252,110.287,110.232,110.265,2356990000
USDJPY,20190508,0000,110.264,110.269,110.091,110.127,9276830000
USDJPY,20190508,0100,110.129,110.207,110.073,110.093,6775730000
USDJPY,20190508,0200,110.093,110.105,109.964,110.021,9458780000
USDJPY,20190508,0300,110.021,110.047,109.902,109.942,5935690000
USDJPY,20190508,0400,109.941,109.992,109.919,109.962,4076760000
USDJPY,20190508,0500,109.962,110.059,109.960,110.052,4086850000
USDJPY,20190508,0600,110.053,110.112,110.005,110.108,7142540000
USDJPY,20190508,0700,110.108,110.171,110.086,110.135,7683630000
USDJPY,20190508,0800,110.135,110.179,110.066,110.147,7323140000
USDJPY,20190508,0900,110.147,110.147,109.980,109.984,9195510000
USDJPY,20190508,1000,109.984,110.071,109.954,110.004,8783950000
USDJPY,20190508,1100,110.004,110.101,109.970,110.086,7965830000
USDJPY,20190508,1200,110.086,110.267,110.047,110.134,12990640000
USDJPY,20190508,1300,110.136,110.181,110.063,110.132,16088470000
USDJPY,20190508,1400,110.132,110.218,110.087,110.199,13619830001
USDJPY,20190508,1500,110.200,110.209,109.961,110.124,19148069998
USDJPY,20190508,1600,110.124,110.184,110.078,110.138,7526030000
USDJPY,20190508,1700,110.139,110.226,110.088,110.109,7078270000
USDJPY,20190508,1800,110.109,110.168,110.101,110.133,4977340000
USDJPY,20190508,1900,110.133,110.144,110.046,110.065,5316400000
USDJPY,20190508,2000,110.066,110.128,110.066,110.091,2661270000
USDJPY,20190508,2100,110.089,110.108,110.056,110.065,6777480000
USDJPY,20190508,2200,110.065,110.078,110.015,110.066,1360050000
USDJPY,20190508,2300,110.064,110.069,110.014,110.029,2290490000
USDJPY,20190509,0000,110.028,110.083,109.831,109.943,14034530001
USDJPY,20190509,0100,109.943,110.040,109.907,109.986,8424690000
USDJPY,20190509,0200,109.989,110.006,109.861,109.921,6990280000
USDJPY,20190509,0300,109.921,109.957,109.896,109.957,4662350000
USDJPY,20190509,0400,109.956,109.963,109.926,109.931,4032080000
USDJPY,20190509,0500,109.931,109.968,109.896,109.940,4523140000
USDJPY,20190509,0600,109.940,109.956,109.822,109.834,7001500001
USDJPY,20190509,0700,109.834,109.839,109.600,109.621,13423559997
USDJPY,20190509,0800,109.621,109.732,109.608,109.703,8802170000
USDJPY,20190509,0900,109.703,109.787,109.700,109.748,7033870000
USDJPY,20190509,1000,109.749,109.916,109.738,109.880,6249180000
USDJPY,20190509,1100,109.883,109.886,109.812,109.819,4137290000
USDJPY,20190509,1200,109.818,109.855,109.747,109.758,6764430000
USDJPY,20190509,1300,109.758,109.833,109.561,109.631,13336570000
USDJPY,20190509,1400,109.632,109.660,109.508,109.562,17807030000
USDJPY,20190509,1500,109.562,109.603,109.472,109.562,12757620000
USDJPY,20190509,1600,109.562,109.897,109.550,109.786,19102990000
USDJPY,20190509,1700,109.784,109.817,109.687,109.713,13551289999
USDJPY,20190509,1800,109.713,109.753,109.681,109.689,9373980000
USDJPY,20190509,1900,109.688,109.742,109.620,109.726,8620730000
USDJPY,20190509,2000,109.726,109.800,109.688,109.767,3360210000
USDJPY,20190509,2100,109.767,109.781,109.675,109.715,7591570000
USDJPY,20190509,2200,109.716,109.738,109.691,109.725,1449540000
USDJPY,20190509,2300,109.727,109.845,109.722,109.827,3209400000
USDJPY,20190510,0000,109.826,109.922,109.746,109.877,16857440003
USDJPY,20190510,0100,109.878,110.049,109.794,110.033,11295600000
USDJPY,20190510,0200,110.033,110.038,109.841,109.841,9329010000
USDJPY,20190510,0300,109.843,109.916,109.732,109.769,13466240000
USDJPY,20190510,0400,109.769,109.887,109.668,109.710,12413550000
USDJPY,20190510,0500,109.711,109.745,109.622,109.740,6951850000
USDJPY,20190510,0600,109.740,109.821,109.688,109.781,7227870000
USDJPY,20190510,0700,109.780,109.836,109.737,109.765,9324390000
USDJPY,20190510,0800,109.764,109.870,109.750,109.833,7216980000
USDJPY,20190510,0900,109.834,109.878,109.814,109.830,5171180000
USDJPY,20190510,1000,109.829,109.882,109.761,109.763,5243080000
USDJPY,20190510,1100,109.762,109.820,109.716,109.743,10125710000
USDJPY,20190510,1200,109.742,109.766,109.625,109.682,10561830001
USDJPY,20190510,1300,109.681,109.740,109.639,109.654,11541410000
USDJPY,20190510,1400,109.653,109.667,109.500,109.582,11380140000
USDJPY,20190510,1500,109.585,109.693,109.474,109.558,17887280000
USDJPY,20190510,1600,109.557,109.727,109.557,109.682,12805560000
USDJPY,20190510,1700,109.682,109.900,109.670,109.853,16176170000
USDJPY,20190510,1800,109.855,109.960,109.844,109.906,8723620000
USDJPY,20190510,1900,109.906,110.043,109.874,109.936,13332320000
USDJPY,20190510,2000,109.935,109.977,109.913,109.940,3134290000
USDJPY,20190512,2100,109.746,109.833,109.746,109.784,1242770000
USDJPY,20190512,2200,109.787,109.834,109.725,109.769,5403620000
USDJPY,20190512,2300,109.769,109.776,109.634,109.644,5765690000
USDJPY,20190513,0000,109.645,109.734,109.597,109.716,8667040000
USDJPY,20190513,0100,109.716,109.780,109.700,109.775,5014120000
USDJPY,20190513,0200,109.775,109.805,109.714,109.746,5021980000
USDJPY,20190513,0300,109.746,109.788,109.726,109.761,2825530000
USDJPY,20190513,0400,109.762,109.784,109.758,109.774,2286900000
USDJPY,20190513,0500,109.775,109.782,109.707,109.744,3227900000
USDJPY,20190513,0600,109.742,109.772,109.692,109.737,5129200000
USDJPY,20190513,0700,109.738,109.748,109.626,109.642,9376970000
USDJPY,20190513,0800,109.643,109.706,109.591,109.657,9036170000
USDJPY,20190513,0900,109.656,109.719,109.652,109.680,5445570000
USDJPY,20190513,1000,109.679,109.686,109.646,109.663,4152080000
USDJPY,20190513,1100,109.664,109.670,109.600,109.624,4206770000
USDJPY,20190513,1200,109.624,109.630,109.090,109.136,20760820000
USDJPY,20190513,1300,109.135,109.188,109.040,109.097,17675010000
USDJPY,20190513,1400,109.097,109.156,109.019,109.126,17764580000
USDJPY,20190513,1500,109.125,109.227,109.095,109.189,14530700000
USDJPY,20190513,1600,109.189,109.197,109.078,109.140,11694590000
USDJPY,20190513,1700,109.139,109.346,109.097,109.271,11437130001
USDJPY,20190513,1800,109.269,109.388,109.208,109.328,18590340000
USDJPY,20190513,1900,109.327,109.377,109.261,109.330,13971320000
USDJPY,20190513,2000,109.334,109.346,109.295,109.301,2439080000
USDJPY,20190513,2100,109.279,109.315,109.205,109.210,7391380000
USDJPY,20190513,2200,109.208,109.263,109.199,109.230,2289640000
USDJPY,20190513,2300,109.228,109.258,109.145,109.159,2981880000
USDJPY,20190514,0000,109.161,109.429,109.151,109.418,10313130000
USDJPY,20190514,0100,109.419,109.640,109.387,109.582,12264000001
USDJPY,20190514,0200,109.583,109.592,109.547,109.557,7427270000
USDJPY,20190514,0300,109.556,109.616,109.554,109.591,5446250000
USDJPY,20190514,0400,109.591,109.705,109.571,109.658,4871000000
USDJPY,20190514,0500,109.658,109.679,109.611,109.649,5490350000
USDJPY,20190514,0600,109.649,109.656,109.536,109.642,8775040000
USDJPY,20190514,0700,109.644,109.772,109.636,109.674,7424990000
USDJPY,20190514,0800,109.675,109.690,109.598,109.666,4702520000
USDJPY,20190514,0900,109.666,109.731,109.649,109.652,3881460000
USDJPY,20190514,1000,109.651,109.706,109.648,109.674,4306090000
USDJPY,20190514,1100,109.674,109.762,109.606,109.625,6518210000
USDJPY,20190514,1200,109.624,109.637,109.443,109.553,11466010000
USDJPY,20190514,1300,109.552,109.627,109.496,109.571,9589390001
USDJPY,20190514,1400,109.571,109.614,109.526,109.582,9852250000
USDJPY,20190514,1500,109.582,109.712,109.567,109.670,9486939999
USDJPY,20190514,1600,109.671,109.689,109.654,109.656,4840350000
USDJPY,20190514,1700,109.657,109.711,109.654,109.697,3219140000
USDJPY,20190514,1800,109.697,109.703,109.610,109.627,4836210000
USDJPY,20190514,1900,109.627,109.703,109.601,109.605,5838830000
USDJPY,20190514,2000,109.603,109.633,109.576,109.598,2082470000
USDJPY,20190514,2100,109.591,109.658,109.590,109.647,8073080000
USDJPY,20190514,2200,109.647,109.655,109.622,109.650,1556550000
USDJPY,20190514,2300,109.653,109.682,109.631,109.675,2013050000
USDJPY,20190515,0000,109.676,109.686,109.523,109.589,7624250000
USDJPY,20190515,0100,109.588,109.688,109.526,109.646,7210680000
USDJPY,20190515,0200,109.646,109.681,109.573,109.651,7718950000
USDJPY,20190515,0300,109.649,109.671,109.619,109.638,4948730000
USDJPY,20190515,0400,109.639,109.657,109.627,109.647,3594770000
USDJPY,20190515,0500,109.651,109.686,109.630,109.686,3883330000
USDJPY,20190515,0600,109.685,109.701,109.634,109.692,4859100000
USDJPY,20190515,0700,109.688,109.690,109.482,109.510,9233750000
USDJPY,20190515,0800,109.510,109.541,109.403,109.407,6843720000
USDJPY,20190515,0900,109.408,109.475,109.307,109.343,8716520000
USDJPY,20190515,1000,109.342,109.382,109.271,109.361,6017100000
USDJPY,20190515,1100,109.362,109.424,109.292,109.330,6872360000
USDJPY,20190515,1200,109.330,109.334,109.177,109.276,12348210000
USDJPY,20190515,1300,109.275,109.403,109.153,109.346,15648669999
USDJPY,20190515,1400,109.349,109.692,109.311,109.470,21198300000
USDJPY,20190515,1500,109.469,109.613,109.459,109.585,7223056352
USDJPY,20190515,1600,109.586,109.597,109.407,109.436,8074490000
USDJPY,20190515,1700,109.436,109.526,109.425,109.487,5174040000
USDJPY,20190515,1800,109.489,109.587,109.485,109.550,4937040000
USDJPY,20190515,1900,109.550,109.586,109.545,109.556,6406400000
USDJPY,20190515,2000,109.558,109.596,109.545,109.587,2243670000
USDJPY,20190515,2100,109.588,109.593,109.534,109.585,4000480000
USDJPY,20190515,2200,109.584,109.587,109.535,109.555,1968360000
USDJPY,20190515,2300,109.555,109.560,109.462,109.470,2519150000
USDJPY,20190516,0000,109.470,109.474,109.382,109.457,7275240000
USDJPY,20190516,0100,109.459,109.460,109.336,109.410,11941580000
USDJPY,20190516,0200,109.411,109.534,109.390,109.478,6834990000
USDJPY,20190516,0300,109.478,109.532,109.467,109.493,5354860000
USDJPY,20190516,0400,109.493,109.530,109.461,109.463,4875890000
USDJPY,20190516,0500,109.463,109.484,109.435,109.470,3566880000
USDJPY,20190516,0600,109.471,109.500,109.419,109.468,6210310000
USDJPY,20190516,0700,109.468,109.495,109.350,109.453,8833150000
USDJPY,20190516,0800,109.452,109.593,109.426,109.552,9488330000
USDJPY,20190516,0900,109.553,109.603,109.527,109.573,5493070000
USDJPY,20190516,1000,109.574,109.668,109.572,109.641,7300950000
USDJPY,20190516,1100,109.641,109.678,109.600,109.676,6474450000
USDJPY,20190516,1200,109.676,109.798,109.601,109.745,10062060000
USDJPY,20190516,1300,109.746,109.885,109.698,109.841,10189890000
USDJPY,20190516,1400,109.844,109.940,109.810,109.938,8656970000
USDJPY,20190516,1500,109.939,109.967,109.870,109.890,6873460000
USDJPY,20190516,1600,109.890,109.900,109.836,109.852,6167310000
USDJPY,20190516,1700,109.856,109.878,109.799,109.818,4853870000
USDJPY,20190516,1800,109.818,109.873,109.797,109.849,6347000000
USDJPY,20190516,1900,109.848,109.870,109.810,109.824,7000580000
USDJPY,20190516,2000,109.825,109.851,109.815,109.841,1621850000
USDJPY,20190516,2100,109.840,109.874,109.835,109.858,6319420000
USDJPY,20190516,2200,109.857,109.864,109.831,109.863,1361560000
USDJPY,20190516,2300,109.862,109.883,109.833,109.881,1441720000
USDJPY,20190517,0000,109.880,109.972,109.814,109.961,7001630000
USDJPY,20190517,0100,109.961,110.034,109.906,109.955,7365640001
USDJPY,20190517,0200,109.954,109.965,109.851,109.853,4273540000
USDJPY,20190517,0300,109.852,109.875,109.684,109.684,9024710000
USDJPY,20190517,0400,109.684,109.764,109.676,109.715,5012970000
USDJPY,20190517,0500,109.714,109.715,109.601,109.633,8858280001
USDJPY,20190517,0600,109.633,109.670,109.549,109.620,11620760001
USDJPY,20190517,0700,109.621,109.747,109.597,109.726,11629670000
USDJPY,20190517,0800,109.726,109.726,109.588,109.615,8432060000
USDJPY,20190517,0900,109.619,109.725,109.600,109.701,11136060000
USDJPY,20190517,1000,109.701,109.701,109.636,109.645,6455090000
USDJPY,20190517,1100,109.644,109.644,109.558,109.567,6404880002
USDJPY,20190517,1200,109.567,109.686,109.493,109.617,13202600000
USDJPY,20190517,1300,109.616,109.748,109.576,109.723,13477810000
USDJPY,20190517,1400,109.727,110.002,109.727,109.975,17394000002
USDJPY,20190517,1500,109.975,110.005,109.880,109.880,10409800000
USDJPY,20190517,1600,109.882,109.954,109.838,109.947,8626350000
USDJPY,20190517,1700,109.949,110.194,109.944,110.051,9308400000
USDJPY,20190517,1800,110.050,110.112,110.022,110.110,6345490000
USDJPY,20190517,1900,110.110,110.110,109.924,110.003,19035660000
USDJPY,20190517,2000,110.002,110.081,109.997,110.054,3517660000
USDJPY,20190519,2100,110.103,110.160,110.047,110.080,877240000
USDJPY,20190519,2200,110.077,110.087,110.015,110.035,1626680000
USDJPY,20190519,2300,110.034,110.214,110.028,110.170,4751110000
USDJPY,20190520,0000,110.173,110.265,110.148,110.224,10858070000
USDJPY,20190520,0100,110.224,110.318,110.199,110.209,12375940000
USDJPY,20190520,0200,110.208,110.267,110.174,110.234,9071800000
USDJPY,20190520,0300,110.235,110.239,110.181,110.202,5831110000
USDJPY,20190520,0400,110.202,110.234,110.202,110.216,3375540000
USDJPY,20190520,0500,110.216,110.225,110.131,110.143,4787120000
USDJPY,20190520,0600,110.144,110.179,110.107,110.168,7329550000
USDJPY,20190520,0700,110.169,110.192,110.051,110.109,8908960000
USDJPY,20190520,0800,110.111,110.166,109.998,110.013,8198150000
USDJPY,20190520,0900,110.014,110.082,110.007,110.079,6511680000
USDJPY,20190520,1000,110.079,110.079,109.896,109.914,9992770001
USDJPY,20190520,1100,109.914,109.939,109.842,109.883,7891370000
USDJPY,20190520,1200,109.885,109.922,109.809,109.921,10419340000
USDJPY,20190520,1300,109.920,109.967,109.812,109.948,13629380000
USDJPY,20190520,1400,109.946,110.014,109.899,109.968,14277620000
USDJPY,20190520,1500,109.968,109.995,109.929,109.957,10852230000
USDJPY,20190520,1600,109.956,110.061,109.947,109.968,9856980000
USDJPY,20190520,1700,109.968,109.988,109.943,109.973,6213350000
USDJPY,20190520,1800,109.971,109.992,109.953,109.975,6314310000
USDJPY,20190520,1900,109.975,110.041,109.969,110.030,7465110000
USDJPY,20190520,2000,110.030,110.063,110.018,110.061,2203350000
USDJPY,20190520,2100,110.058,110.124,110.016,110.079,6047530000
USDJPY,20190520,2200,110.079,110.079,110.021,110.037,1702510000
USDJPY,20190520,2300,110.035,110.097,110.032,110.085,3166020000
USDJPY,20190521,0000,110.086,110.162,110.043,110.147,6271030000
USDJPY,20190521,0100,110.149,110.211,110.128,110.188,7832080000
USDJPY,20190521,0200,110.187,110.202,110.127,110.190,4740950000
USDJPY,20190521,0300,110.190,110.262,110.181,110.228,5935300000
USDJPY,20190521,0400,110.228,110.228,110.162,110.176,3920600000
USDJPY,20190521,0500,110.175,110.187,110.141,110.164,4833560000
USDJPY,20190521,0600,110.165,110.234,110.133,110.200,7243950000
USDJPY,20190521,0700,110.202,110.217,110.064,110.123,7925780000
USDJPY,20190521,0800,110.123,110.142,110.083,110.113,6582580000
USDJPY,20190521,0900,110.114,110.190,110.067,110.188,7688040000
USDJPY,20190521,1000,110.187,110.316,110.187,110.285,6735060000
USDJPY,20190521,1100,110.284,110.434,110.256,110.428,8992210000
USDJPY,20190521,1200,110.427,110.564,110.401,110.545,12290800000
USDJPY,20190521,1300,110.545,110.602,110.486,110.576,12646970000
USDJPY,20190521,1400,110.576,110.634,110.519,110.603,14425250000
USDJPY,20190521,1500,110.603,110.661,110.534,110.608,10568000000
USDJPY,20190521,1600,110.609,110.661,110.605,110.655,5564810000
USDJPY,20190521,1700,110.654,110.671,110.631,110.653,3140220000
USDJPY,20190521,1800,110.653,110.672,110.594,110.627,4069890000
USDJPY,20190521,1900,110.626,110.627,110.528,110.543,4709040000
USDJPY,20190521,2000,110.544,110.571,110.444,110.489,3551720000
USDJPY,20190521,2100,110.483,110.543,110.480,110.511,6892760000
USDJPY,20190521,2200,110.511,110.552,110.490,110.545,1555680000
USDJPY,20190521,2300,110.545,110.590,110.538,110.565,2052260000
USDJPY,20190522,0000,110.565,110.585,110.467,110.497,6760499998
USDJPY,20190522,0100,110.495,110.603,110.493,110.581,6757450000
USDJPY,20190522,0200,110.581,110.625,110.535,110.535,4705270000
USDJPY,20190522,0300,110.535,110.562,110.486,110.508,5806900000
USDJPY,20190522,0400,110.508,110.516,110.387,110.453,5792479995
USDJPY,20190522,0500,110.454,110.471,110.416,110.452,4662139999
USDJPY,20190522,0600,110.452,110.501,110.398,110.425,8487520000
USDJPY,20190522,0700,110.424,110.429,110.362,110.370,8441370000
USDJPY,20190522,0800,110.370,110.455,110.365,110.418,6344879999
USDJPY,20190522,0900,110.418,110.482,110.410,110.457,6447900000
USDJPY,20190522,1000,110.458,110.485,110.430,110.457,4020800000
USDJPY,20190522,1100,110.456,110.458,110.365,110.371,6576720000
USDJPY,20190522,1200,110.373,110.390,110.286,110.374,9964989999
USDJPY,20190522,1300,110.375,110.412,110.315,110.366,8304570000
USDJPY,20190522,1400,110.366,110.433,110.291,110.328,10836109998
USDJPY,20190522,1500,110.328,110.353,110.256,110.282,8163680000
USDJPY,20190522,1600,110.282,110.295,110.246,110.250,5714300000
USDJPY,20190522,1700,110.249,110.302,110.244,110.285,4599420000
USDJPY,20190522,1800,110.280,110.317,110.241,110.284,7243860000
USDJPY,20190522,1900,110.284,110.355,110.282,110.336,5791120000
USDJPY,20190522,2000,110.335,110.356,110.321,110.348,1359680000
USDJPY,20190522,2100,110.348,110.352,110.290,110.328,9449930000
USDJPY,20190522,2200,110.328,110.333,110.297,110.304,1303020000
USDJPY,20190522,2300,110.303,110.307,110.205,110.217,2614080000
USDJPY,20190523,0000,110.219,110.245,110.173,110.212,7034980000
USDJPY,20190523,0100,110.211,110.223,110.126,110.216,7243830000
USDJPY,20190523,0200,110.216,110.298,110.178,110.270,6470040000
USDJPY,20190523,0300,110.272,110.363,110.239,110.339,5639900000
USDJPY,20190523,0400,110.338,110.342,110.307,110.330,3585080000
USDJPY,20190523,0500,110.331,110.343,110.276,110.292,5385110000
USDJPY,20190523,0600,110.292,110.335,110.224,110.249,10207730000
USDJPY,20190523,0700,110.249,110.300,110.166,110.296,14438930000
USDJPY,20190523,0800,110.296,110.302,110.101,110.139,12738520000
USDJPY,20190523,0900,110.140,110.171,110.051,110.055,9003070001
USDJPY,20190523,1000,110.054,110.087,109.983,110.041,9414400000
USDJPY,20190523,1100,110.044,110.143,110.044,110.098,8677980000
USDJPY,20190523,1200,110.098,110.108,109.952,109.991,11737190000
USDJPY,20190523,1300,109.993,110.089,109.777,109.813,16057380000
USDJPY,20190523,1400,109.813,109.849,109.661,109.736,18841370000
USDJPY,20190523,1500,109.735,109.761,109.566,109.578,13535900000
USDJPY,20190523,1600,109.578,109.656,109.507,109.514,10733420000
USDJPY,20190523,1700,109.513,109.602,109.500,109.582,8737280000
USDJPY,20190523,1800,109.583,109.611,109.457,109.485,7171620001
USDJPY,20190523,1900,109.485,109.618,109.459,109.600,10784390000
USDJPY,20190523,2000,109.601,109.610,109.533,109.600,3093860000
USDJPY,20190523,2100,109.595,109.628,109.565,109.617,5823580000
USDJPY,20190523,2200,109.618,109.630,109.478,109.501,2592570000
USDJPY,20190523,2300,109.504,109.576,109.494,109.556,3624120000
USDJPY,20190524,0000,109.560,109.716,109.551,109.692,10575290000
USDJPY,20190524,0100,109.692,109.745,109.657,109.664,9870720000
USDJPY,20190524,0200,109.664,109.665,109.601,109.611,6108270000
USDJPY,20190524,0300,109.614,109.616,109.509,109.584,5688490000
USDJPY,20190524,0400,109.583,109.635,109.575,109.580,3781310000
USDJPY,20190524,0500,109.581,109.629,109.561,109.615,3969340000
USDJPY,20190524,0600,109.615,109.624,109.483,109.525,9282220000
USDJPY,20190524,0700,109.525,109.582,109.455,109.529,11736379999
USDJPY,20190524,0800,109.528,109.604,109.516,109.538,8028760000
USDJPY,20190524,0900,109.537,109.653,109.506,109.648,7094760000
USDJPY,20190524,1000,109.649,109.724,109.642,109.674,7391119999
USDJPY,20190524,1100,109.674,109.727,109.606,109.624,7417190000
USDJPY,20190524,1200,109.624,109.624,109.496,109.518,10470690000
USDJPY,20190524,1300,109.518,109.648,109.494,109.571,10371500000
USDJPY,20190524,1400,109.574,109.590,109.333,109.351,11493060000
USDJPY,20190524,1500,109.351,109.403,109.273,109.376,11270100000
USDJPY,20190524,1600,109.375,109.424,109.333,109.374,7497370000
USDJPY,20190524,1700,109.374,109.386,109.340,109.345,4904120000
USDJPY,20190524,1800,109.348,109.351,109.319,109.327,3420970000
USDJPY,20190524,1900,109.327,109.336,109.291,109.298,3855700000
USDJPY,20190524,2000,109.297,109.304,109.285,109.285,2001250000
USDJPY,20190526,2300,109.398,109.398,109.398,109.398,1750000
USDJPY,20190527,0000,109.400,109.512,109.357,109.480,7475220000
USDJPY,20190527,0100,109.479,109.481,109.404,109.424,6626160000
USDJPY,20190527,0200,109.423,109.476,109.417,109.460,5673850000
USDJPY,20190527,0300,109.460,109.499,109.444,109.447,5049330000
USDJPY,20190527,0400,109.447,109.495,109.446,109.483,3658170000
USDJPY,20190527,0500,109.483,109.500,109.460,109.476,5155150000
USDJPY,20190527,0600,109.476,109.584,109.476,109.561,7565070000
USDJPY,20190527,0700,109.560,109.580,109.507,109.572,9583170000
USDJPY,20190527,0800,109.572,109.575,109.482,109.490,6356150000
USDJPY,20190527,0900,109.490,109.498,109.444,109.459,3579670000
USDJPY,20190527,1000,109.458,109.491,109.452,109.485,2835830000
USDJPY,20190527,1100,109.485,109.509,109.480,109.481,2143740000
USDJPY,20190527,1200,109.481,109.510,109.446,109.502,3445950000
USDJPY,20190527,1300,109.501,109.509,109.470,109.495,3211690000
USDJPY,20190527,1400,109.495,109.535,109.484,109.531,3029050000
USDJPY,20190527,1500,109.532,109.555,109.518,109.540,2128100000
USDJPY,20190527,1600,109.539,109.564,109.519,109.530,1767630000
USDJPY,20190527,1700,109.530,109.543,109.507,109.526,2154930000
USDJPY,20190527,1800,109.527,109.534,109.520,109.530,1530890000
USDJPY,20190527,1900,109.530,109.540,109.522,109.536,1340720000
USDJPY,20190527,2000,109.536,109.552,109.466,109.504,2404470000
USDJPY,20190527,2100,109.481,109.532,109.452,109.470,12241800000
USDJPY,20190527,2200,109.469,109.548,109.469,109.536,1124490000
USDJPY,20190527,2300,109.535,109.553,109.500,109.512,2916640000
USDJPY,20190528,0000,109.512,109.629,109.493,109.582,6992500000
USDJPY,20190528,0100,109.582,109.595,109.441,109.502,7214920000
USDJPY,20190528,0200,109.502,109.534,109.430,109.485,5372979999
USDJPY,20190528,0300,109.485,109.500,109.462,109.498,2494360000
USDJPY,20190528,0400,109.497,109.573,109.474,109.550,3708740000
USDJPY,20190528,0500,109.550,109.564,109.529,109.530,2398110000
USDJPY,20190528,0600,109.530,109.540,109.428,109.523,7349800000
USDJPY,20190528,0700,109.521,109.533,109.342,109.413,13302860000
USDJPY,20190528,0800,109.412,109.413,109.210,109.226,12232900000
USDJPY,20190528,0900,109.228,109.354,109.228,109.354,10212640000
USDJPY,20190528,1000,109.354,109.408,109.278,109.388,7074640000
USDJPY,20190528,1100,109.389,109.463,109.345,109.425,6450390000
USDJPY,20190528,1200,109.428,109.537,109.390,109.445,9980840000
USDJPY,20190528,1300,109.444,109.521,109.360,109.495,10671640000
USDJPY,20190528,1400,109.492,109.610,109.450,109.507,13921100001
USDJPY,20190528,1500,109.506,109.567,109.430,109.494,11580140001
USDJPY,20190528,1600,109.493,109.576,109.481,109.542,7098080000
USDJPY,20190528,1700,109.542,109.562,109.501,109.512,6096910000
USDJPY,20190528,1800,109.511,109.511,109.449,109.483,5878790000
USDJPY,20190528,1900,109.482,109.497,109.338,109.343,8534120000
USDJPY,20190528,2000,109.343,109.382,109.328,109.372,3301040000
USDJPY,20190528,2100,109.358,109.382,109.348,109.361,5888310000
USDJPY,20190528,2200,109.362,109.373,109.290,109.355,1533430000
USDJPY,20190528,2300,109.354,109.389,109.336,109.355,2960810000
USDJPY,20190529,0000,109.356,109.382,109.149,109.274,11857820000
USDJPY,20190529,0100,109.275,109.436,109.254,109.324,10937000000
USDJPY,20190529,0200,109.323,109.423,109.322,109.386,6946020000
USDJPY,20190529,0300,109.387,109.398,109.335,109.351,5558170000
USDJPY,20190529,0400,109.350,109.350,109.235,109.240,5585400000
USDJPY,20190529,0500,109.241,109.305,109.239,109.246,4183100000
USDJPY,20190529,0600,109.245,109.273,109.161,109.222,12474170000
USDJPY,20190529,0700,109.222,109.272,109.154,109.203,14321990000
USDJPY,20190529,0800,109.204,109.306,109.203,109.255,10224110001
USDJPY,20190529,0900,109.253,109.296,109.192,109.283,7829150000
USDJPY,20190529,1000,109.284,109.416,109.273,109.401,7498830000
USDJPY,20190529,1100,109.402,109.403,109.303,109.324,7212390000
USDJPY,20190529,1200,109.323,109.360,109.257,109.349,8134650000
USDJPY,20190529,1300,109.349,109.378,109.278,109.323,10043960001
USDJPY,20190529,1400,109.322,109.410,109.305,109.357,11236630000
USDJPY,20190529,1500,109.356,109.467,109.190,109.243,15142760000
USDJPY,20190529,1600,109.243,109.381,109.216,109.369,8350640001
USDJPY,20190529,1700,109.369,109.558,109.355,109.533,9487520000
USDJPY,20190529,1800,109.532,109.540,109.429,109.451,7683350000
USDJPY,20190529,1900,109.451,109.699,109.431,109.663,10155050000
USDJPY,20190529,2000,109.661,109.664,109.582,109.589,2742040000
USDJPY,20190529,2100,109.589,109.590,109.543,109.550,8690349999
USDJPY,20190529,2200,109.549,109.596,109.536,109.591,3367070000
USDJPY,20190529,2300,109.591,109.613,109.522,109.561,2830040000
USDJPY,20190530,0000,109.561,109.639,109.476,109.500,10350430000
USDJPY,20190530,0100,109.499,109.596,109.486,109.522,10664190000
USDJPY,20190530,0200,109.524,109.573,109.515,109.570,8530470000
USDJPY,20190530,0300,109.570,109.622,109.552,109.584,6612550000
USDJPY,20190530,0400,109.584,109.715,109.584,109.683,5532410000
USDJPY,20190530,0500,109.683,109.726,109.652,109.698,5359470001
USDJPY,20190530,0600,109.697,109.783,109.663,109.752,8339830000
USDJPY,20190530,0700,109.752,109.827,109.730,109.749,9592720001
USDJPY,20190530,0800,109.748,109.756,109.679,109.705,5792440000
USDJPY,20190530,0900,109.706,109.744,109.656,109.696,5984410001
USDJPY,20190530,1000,109.696,109.726,109.662,109.725,5000570000
USDJPY,20190530,1100,109.725,109.729,109.663,109.708,5013640000
USDJPY,20190530,1200,109.707,109.731,109.658,109.669,9538789999
USDJPY,20190530,1300,109.670,109.925,109.630,109.888,9138200000
USDJPY,20190530,1400,109.887,109.909,109.801,109.862,9052680001
USDJPY,20190530,1500,109.858,109.858,109.647,109.669,10371470000
USDJPY,20190530,1600,109.669,109.715,109.644,109.692,6674660000
USDJPY,20190530,1700,109.694,109.700,109.589,109.606,5607000000
USDJPY,20190530,1800,109.609,109.630,109.518,109.554,8163100000
USDJPY,20190530,1900,109.552,109.611,109.473,109.557,11942120000
USDJPY,20190530,2000,109.556,109.631,109.554,109.621,2054750000
USDJPY,20190530,2100,109.617,109.617,109.574,109.587,5276490000
USDJPY,20190530,2200,109.588,109.622,109.568,109.582,3190110000
USDJPY,20190530,2300,109.585,109.594,109.320,109.336,7388739998
USDJPY,20190531,0000,109.336,109.360,109.224,109.271,13143739998
USDJPY,20190531,0100,109.270,109.399,109.237,109.341,11362960000
USDJPY,20190531,0200,109.342,109.357,109.125,109.268,13100450000
USDJPY,20190531,0300,109.267,109.340,109.134,109.185,10997690000
USDJPY,20190531,0400,109.185,109.209,108.983,109.014,10862490000
USDJPY,20190531,0500,109.016,109.026,108.890,108.938,8126220000
USDJPY,20190531,0600,108.938,108.973,108.870,108.892,10273260000
USDJPY,20190531,0700,108.893,108.930,108.756,108.774,13488240000
USDJPY,20190531,0800,108.774,108.878,108.772,108.785,11609590000
USDJPY,20190531,0900,108.786,108.844,108.714,108.765,13124049999
USDJPY,20190531,1000,108.765,108.778,108.709,108.750,6815230000
USDJPY,20190531,1100,108.751,108.851,108.744,108.782,7748070000
USDJPY,20190531,1200,108.782,108.906,108.723,108.799,12659320000
USDJPY,20190531,1300,108.799,108.865,108.712,108.797,13280760000
USDJPY,20190531,1400,108.796,108.822,108.557,108.582,18243900001
USDJPY,20190531,1500,108.581,108.708,108.551,108.655,12555380001
USDJPY,20190531,1600,108.654,108.667,108.508,108.522,8006920001
USDJPY,20190531,1700,108.520,108.579,108.439,108.480,9361240000
USDJPY,20190531,1800,108.480,108.505,108.382,108.405,13415430000
USDJPY,20190531,1900,108.408,108.440,108.349,108.356,15140059998
USDJPY,20190531,2000,108.355,108.389,108.277,108.278,3516660000
USDJPY,20190602,2100,108.275,108.348,108.266,108.320,1506070000
USDJPY,20190602,2200,108.319,108.324,108.173,108.197,5449090000
USDJPY,20190602,2300,108.199,108.300,108.197,108.223,5235090000
USDJPY,20190603,0000,108.223,108.319,108.208,108.293,9715670000
USDJPY,20190603,0100,108.292,108.302,108.150,108.232,11496040000
USDJPY,20190603,0200,108.232,108.235,108.120,108.121,7985750000
USDJPY,20190603,0300,108.121,108.181,108.100,108.130,5788360000
USDJPY,20190603,0400,108.130,108.176,108.070,108.070,5141960000
USDJPY,20190603,0500,108.071,108.227,108.071,108.216,7426480000
USDJPY,20190603,0600,108.215,108.380,108.197,108.331,10738050000
USDJPY,20190603,0700,108.334,108.376,108.151,108.247,14221199999
USDJPY,20190603,0800,108.249,108.303,108.171,108.272,12415070000
USDJPY,20190603,0900,108.272,108.366,108.239,108.340,9105780000
USDJPY,20190603,1000,108.341,108.379,108.294,108.294,5734770000
USDJPY,20190603,1100,108.293,108.394,108.290,108.372,6827740000
USDJPY,20190603,1200,108.371,108.372,108.244,108.343,8460130000
USDJPY,20190603,1300,108.345,108.432,108.253,108.267,9891079999
USDJPY,20190603,1400,108.267,108.412,108.198,108.372,17072229999
USDJPY,20190603,1500,108.366,108.445,108.347,108.391,9770799999
USDJPY,20190603,1600,108.390,108.413,108.213,108.272,9728560000
USDJPY,20190603,1700,108.272,108.324,108.055,108.102,18257529999
USDJPY,20190603,1800,108.103,108.172,108.018,108.020,12537070000
USDJPY,20190603,1900,108.019,108.057,107.883,107.990,14860000001
USDJPY,20190603,2000,107.991,108.101,107.987,108.060,4143730001
USDJPY,20190603,2100,108.060,108.087,108.024,108.051,4871230000
USDJPY,20190603,2200,108.050,108.052,107.950,107.954,4181759999
USDJPY,20190603,2300,107.953,108.060,107.953,108.036,4798520000
USDJPY,20190604,0000,108.036,108.067,107.897,107.916,10388260001
USDJPY,20190604,0100,107.915,107.947,107.857,107.874,9921580000
USDJPY,20190604,0200,107.874,107.994,107.857,107.984,7498850000
USDJPY,20190604,0300,107.985,108.040,107.982,108.001,7395980000
USDJPY,20190604,0400,108.002,108.019,107.927,107.967,7358819999
USDJPY,20190604,0500,107.971,107.987,107.877,107.916,6999940000
USDJPY,20190604,0600,107.916,107.974,107.845,107.903,10174800000
USDJPY,20190604,0700,107.904,108.075,107.847,108.046,10772120000
USDJPY,20190604,0800,108.046,108.165,108.002,108.135,10027790000
USDJPY,20190604,0900,108.135,108.177,108.030,108.051,8009820000
USDJPY,20190604,1000,108.052,108.072,107.941,107.949,7487830000
USDJPY,20190604,1100,107.949,108.113,107.915,108.093,8565950000
USDJPY,20190604,1200,108.094,108.277,108.093,108.203,16648500004
USDJPY,20190604,1300,108.205,108.289,107.981,108.101,15676149995
USDJPY,20190604,1400,108.102,108.333,108.064,108.329,18016469999
USDJPY,20190604,1500,108.331,108.358,108.281,108.288,10221620001
USDJPY,20190604,1600,108.289,108.306,108.172,108.227,6502040000
USDJPY,20190604,1700,108.227,108.247,108.051,108.087,8442880000
USDJPY,20190604,1800,108.087,108.099,108.005,108.059,8349360001
USDJPY,20190604,1900,108.058,108.141,108.045,108.089,6392900000
USDJPY,20190604,2000,108.089,108.151,108.087,108.143,2210760000
USDJPY,20190604,2100,108.138,108.166,108.128,108.150,3230780000
USDJPY,20190604,2200,108.150,108.260,108.141,108.202,3097770000
USDJPY,20190604,2300,108.202,108.270,108.195,108.257,3049430000
USDJPY,20190605,0000,108.257,108.257,108.113,108.139,7804390000
USDJPY,20190605,0100,108.139,108.173,108.029,108.068,7637210000
USDJPY,20190605,0200,108.068,108.098,108.038,108.059,5721580000
USDJPY,20190605,0300,108.058,108.135,108.044,108.103,4211770000
USDJPY,20190605,0400,108.102,108.128,108.068,108.091,3874840000
USDJPY,20190605,0500,108.090,108.106,108.049,108.070,4055610000
USDJPY,20190605,0600,108.070,108.117,107.970,108.110,8934960001
USDJPY,20190605,0700,108.110,108.275,108.077,108.245,10549960000
USDJPY,20190605,0800,108.244,108.299,108.203,108.247,8866720000
USDJPY,20190605,0900,108.247,108.351,108.236,108.312,9387600000
USDJPY,20190605,1000,108.311,108.345,108.260,108.305,10700890000
USDJPY,20190605,1100,108.303,108.384,108.274,108.327,9605500000
USDJPY,20190605,1200,108.326,108.343,107.815,107.957,25791280001
USDJPY,20190605,1300,107.957,108.150,107.915,108.011,15888519998
USDJPY,20190605,1400,108.068,108.194,107.956,108.004,23749399999
USDJPY,20190605,1500,108.004,108.251,107.988,108.199,15560399999
USDJPY,20190605,1600,108.198,108.347,108.192,108.322,9620350000
USDJPY,20190605,1700,108.321,108.377,108.304,108.346,6638980000
USDJPY,20190605,1800,108.346,108.485,108.332,108.417,7830740000
USDJPY,20190605,1900,108.417,108.447,108.302,108.431,9460700000
USDJPY,20190605,2000,108.433,108.461,108.418,108.461,2049160000
USDJPY,20190605,2100,108.459,108.463,108.246,108.280,7126010000
USDJPY,20190605,2200,108.282,108.335,108.183,108.266,4286900000
USDJPY,20190605,2300,108.266,108.331,108.185,108.322,4111170000
USDJPY,20190606,0000,108.323,108.408,108.323,108.343,8502040000
USDJPY,20190606,0100,108.342,108.360,108.241,108.257,6528370000
USDJPY,20190606,0200,108.257,108.324,108.247,108.264,5596940000
USDJPY,20190606,0300,108.264,108.283,108.211,108.242,4101360000
USDJPY,20190606,0400,108.241,108.247,108.198,108.199,3565180000
USDJPY,20190606,0500,108.201,108.233,108.131,108.138,5011760000
USDJPY,20190606,0600,108.138,108.190,108.068,108.172,11926990000
USDJPY,20190606,0700,108.172,108.237,108.093,108.234,10446980000
USDJPY,20190606,0800,108.233,108.268,108.152,108.166,5831249999
USDJPY,20190606,0900,108.167,108.220,108.128,108.178,7410509999
USDJPY,20190606,1000,108.177,108.219,108.162,108.188,4988470000
USDJPY,20190606,1100,108.188,108.244,108.169,108.191,9365300001
USDJPY,20190606,1200,108.190,108.194,108.025,108.109,19730550003
USDJPY,20190606,1300,108.109,108.322,108.063,108.235,17436039988
USDJPY,20190606,1400,108.235,108.301,108.150,108.192,10996140005
USDJPY,20190606,1500,108.193,108.230,108.045,108.082,10911940000
USDJPY,20190606,1600,108.082,108.197,108.078,108.196,6495110000
USDJPY,20190606,1700,108.197,108.266,108.182,108.248,5009660000
USDJPY,20190606,1800,108.249,108.537,108.236,108.442,12400530000
USDJPY,20190606,1900,108.441,108.531,108.410,108.507,9604490000
USDJPY,20190606,2000,108.506,108.562,108.384,108.396,3875680000
USDJPY,20190606,2100,108.394,108.404,108.349,108.362,7128940000
USDJPY,20190606,2200,108.363,108.386,108.322,108.373,1383950000
USDJPY,20190606,2300,108.373,108.491,108.372,108.456,4336400000
USDJPY,20190607,0000,108.457,108.533,108.388,108.450,10920339999
USDJPY,20190607,0100,108.450,108.485,108.389,108.479,8135910000
USDJPY,20190607,0200,108.480,108.516,108.430,108.478,7950460000
USDJPY,20190607,0300,108.477,108.509,108.448,108.481,4945630000
USDJPY,20190607,0400,108.482,108.485,108.446,108.469,4872220000
USDJPY,20190607,0500,108.471,108.488,108.412,108.442,4340120000
USDJPY,20190607,0600,108.442,108.505,108.398,108.491,6871810000
USDJPY,20190607,0700,108.490,108.505,108.431,108.466,6681200000
USDJPY,20190607,0800,108.466,108.507,108.458,108.500,5920900000
USDJPY,20190607,0900,108.500,108.591,108.482,108.590,4834880000
USDJPY,20190607,1000,108.589,108.617,108.537,108.552,4485390000
USDJPY,20190607,1100,108.552,108.553,108.465,108.474,4433900000
USDJPY,20190607,1200,108.474,108.505,107.880,107.991,23990899997
USDJPY,20190607,1300,107.989,108.139,107.925,108.088,18295470001
USDJPY,20190607,1400,108.088,108.108,107.920,108.018,13376080001
USDJPY,20190607,1500,108.017,108.206,107.993,108.156,10891300000
USDJPY,20190607,1600,108.155,108.167,108.061,108.124,8349380001
USDJPY,20190607,1700,108.123,108.201,108.077,108.141,7850980000
USDJPY,20190607,1800,108.141,108.256,108.134,108.156,7718140000
USDJPY,20190607,1900,108.156,108.226,108.143,108.171,7560280000
USDJPY,20190607,2000,108.171,108.211,108.146,108.189,3873490000
USDJPY,20190609,2100,108.474,108.511,108.445,108.469,1410889999
USDJPY,20190609,2200,108.466,108.553,108.428,108.467,4345710001
USDJPY,20190609,2300,108.468,108.478,108.415,108.450,4116350000
USDJPY,20190610,0000,108.448,108.500,108.366,108.450,9501140000
USDJPY,20190610,0100,108.452,108.542,108.452,108.472,10786620000
USDJPY,20190610,0200,108.472,108.517,108.459,108.484,8186570000
USDJPY,20190610,0300,108.485,108.547,108.465,108.541,5384770000
USDJPY,20190610,0400,108.541,108.666,108.526,108.661,7262459999
USDJPY,20190610,0500,108.660,108.670,108.629,108.642,6954200000
USDJPY,20190610,0600,108.642,108.675,108.604,108.659,7186150000
USDJPY,20190610,0700,108.659,108.675,108.612,108.664,5730320000
USDJPY,20190610,0800,108.665,108.716,108.585,108.622,7253850000
USDJPY,20190610,0900,108.623,108.625,108.517,108.567,5962920000
USDJPY,20190610,1000,108.568,108.640,108.553,108.610,4398740000
USDJPY,20190610,1100,108.610,108.672,108.589,108.671,5783400000
USDJPY,20190610,1200,108.670,108.672,108.450,108.466,9195910000
USDJPY,20190610,1300,108.465,108.600,108.456,108.576,8660739998
USDJPY,20190610,1400,108.577,108.622,108.490,108.495,7920720000
USDJPY,20190610,1500,108.493,108.571,108.480,108.561,8648630000
USDJPY,20190610,1600,108.561,108.584,108.512,108.549,6166769999
USDJPY,20190610,1700,108.549,108.582,108.486,108.494,7572880000
USDJPY,20190610,1800,108.492,108.492,108.312,108.421,10575360000
USDJPY,20190610,1900,108.421,108.461,108.407,108.441,6171880000
USDJPY,20190610,2000,108.440,108.497,108.429,108.429,2202330000
USDJPY,20190610,2100,108.429,108.454,108.397,108.434,9605940000
USDJPY,20190610,2200,108.435,108.446,108.408,108.425,1358470000
USDJPY,20190610,2300,108.426,108.427,108.350,108.358,2816460000
USDJPY,20190611,0000,108.360,108.499,108.356,108.486,7786900000
USDJPY,20190611,0100,108.488,108.617,108.476,108.601,9803360000
USDJPY,20190611,0200,108.598,108.643,108.566,108.617,4751790000
USDJPY,20190611,0300,108.616,108.626,108.575,108.609,4319900000
USDJPY,20190611,0400,108.608,108.621,108.588,108.592,4088820000
USDJPY,20190611,0500,108.593,108.626,108.571,108.607,3687280000
USDJPY,20190611,0600,108.607,108.668,108.580,108.589,7442940000
USDJPY,20190611,0700,108.588,108.620,108.540,108.599,7783700000
USDJPY,20190611,0800,108.599,108.699,108.562,108.669,7335070000
USDJPY,20190611,0900,108.668,108.691,108.625,108.682,6546660000
USDJPY,20190611,1000,108.684,108.736,108.648,108.735,6761240000
USDJPY,20190611,1100,108.734,108.752,108.682,108.731,6137180000
USDJPY,20190611,1200,108.732,108.800,108.676,108.685,11873650001
USDJPY,20190611,1300,108.685,108.738,108.626,108.661,10256790000
USDJPY,20190611,1400,108.660,108.714,108.569,108.578,11873970000
USDJPY,20190611,1500,108.578,108.600,108.511,108.526,9175950001
USDJPY,20190611,1600,108.527,108.542,108.450,108.457,8055350000
USDJPY,20190611,1700,108.456,108.511,108.437,108.485,7711000001
USDJPY,20190611,1800,108.485,108.504,108.440,108.491,6299070000
USDJPY,20190611,1900,108.491,108.555,108.487,108.496,5646590000
USDJPY,20190611,2000,108.495,108.527,108.487,108.516,1744180000
USDJPY,20190611,2100,108.512,108.566,108.508,108.558,9228800000
USDJPY,20190611,2200,108.558,108.560,108.504,108.515,1895530000
USDJPY,20190611,2300,108.513,108.558,108.467,108.475,4577800000
USDJPY,20190612,0000,108.478,108.562,108.447,108.523,8659480000
USDJPY,20190612,0100,108.524,108.526,108.444,108.492,8884050000
USDJPY,20190612,0200,108.492,108.504,108.442,108.492,4618880000
USDJPY,20190612,0300,108.491,108.505,108.449,108.479,4836040000
USDJPY,20190612,0400,108.479,108.496,108.446,108.492,3062910000
USDJPY,20190612,0500,108.492,108.494,108.399,108.400,4260480000
USDJPY,20190612,0600,108.401,108.401,108.305,108.332,8756580000
USDJPY,20190612,0700,108.333,108.376,108.280,108.308,9404090001
USDJPY,20190612,0800,108.310,108.355,108.221,108.239,9806800000
USDJPY,20190612,0900,108.239,108.297,108.218,108.263,7007090000
USDJPY,20190612,1000,108.262,108.395,108.255,108.349,7142230001
USDJPY,20190612,1100,108.349,108.391,108.322,108.340,7683110000
USDJPY,20190612,1200,108.341,108.448,108.261,108.384,13117000001
USDJPY,20190612,1300,108.387,108.548,108.383,108.473,13157459999
USDJPY,20190612,1400,108.475,108.485,108.355,108.457,10048380000
USDJPY,20190612,1500,108.457,108.479,108.413,108.419,7941440000
USDJPY,20190612,1600,108.420,108.540,108.417,108.496,8663290000
USDJPY,20190612,1700,108.495,108.521,108.453,108.465,7710160000
USDJPY,20190612,1800,108.466,108.535,108.424,108.498,7924010000
USDJPY,20190612,1900,108.501,108.532,108.489,108.516,4654519999
USDJPY,20190612,2000,108.515,108.537,108.494,108.502,1979530000
USDJPY,20190612,2100,108.501,108.512,108.455,108.488,8824790000
USDJPY,20190612,2200,108.488,108.488,108.455,108.462,3414110000
USDJPY,20190612,2300,108.462,108.505,108.454,108.492,2585190000
USDJPY,20190613,0000,108.492,108.536,108.442,108.490,6317760000
USDJPY,20190613,0100,108.490,108.511,108.268,108.297,10307650000
USDJPY,20190613,0200,108.296,108.309,108.164,108.228,12695800000
USDJPY,20190613,0300,108.230,108.342,108.226,108.329,8326120000
USDJPY,20190613,0400,108.330,108.383,108.309,108.374,6544290000
USDJPY,20190613,0500,108.375,108.376,108.311,108.336,6949740000
USDJPY,20190613,0600,108.338,108.370,108.286,108.321,7709490000
USDJPY,20190613,0700,108.322,108.355,108.236,108.351,12278470000
USDJPY,20190613,0800,108.350,108.402,108.306,108.391,8327360000
USDJPY,20190613,0900,108.391,108.457,108.380,108.442,7507820000
USDJPY,20190613,1000,108.443,108.497,108.426,108.495,5492820000
USDJPY,20190613,1100,108.496,108.500,108.417,108.419,5791590000
USDJPY,20190613,1200,108.419,108.510,108.402,108.470,9516830001
USDJPY,20190613,1300,108.470,108.505,108.446,108.490,8302660000
USDJPY,20190613,1400,108.489,108.518,108.400,108.513,9437900001
USDJPY,20190613,1500,108.513,108.535,108.429,108.445,6894720000
USDJPY,20190613,1600,108.444,108.475,108.382,108.445,5745340000
USDJPY,20190613,1700,108.445,108.447,108.315,108.351,6016330000
USDJPY,20190613,1800,108.354,108.360,108.249,108.323,9569700000
USDJPY,20190613,1900,108.322,108.381,108.287,108.373,5733799999
USDJPY,20190613,2000,108.372,108.403,108.360,108.378,2355330000
USDJPY,20190613,2100,108.358,108.399,108.299,108.370,7100620000
USDJPY,20190613,2200,108.374,108.387,108.347,108.369,1285830000
USDJPY,20190613,2300,108.369,108.370,108.311,108.323,3103690000
USDJPY,20190614,0000,108.322,108.396,108.268,108.330,7637820000
USDJPY,20190614,0100,108.332,108.375,108.268,108.319,9314930000
USDJPY,20190614,0200,108.319,108.323,108.270,108.304,5668780000
USDJPY,20190614,0300,108.303,108.338,108.291,108.326,3148770000
USDJPY,20190614,0400,108.325,108.351,108.295,108.341,2579200000
USDJPY,20190614,0500,108.342,108.354,108.314,108.332,3547660000
USDJPY,20190614,0600,108.332,108.336,108.210,108.223,6279040000
USDJPY,20190614,0700,108.222,108.240,108.158,108.204,12342579998
USDJPY,20190614,0800,108.204,108.253,108.191,108.242,7098900000
USDJPY,20190614,0900,108.242,108.260,108.173,108.198,6676480000
USDJPY,20190614,1000,108.197,108.233,108.176,108.214,5971460000
USDJPY,20190614,1100,108.215,108.262,108.186,108.202,6776430000
USDJPY,20190614,1200,108.203,108.478,108.183,108.471,16984510000
USDJPY,20190614,1300,108.471,108.502,108.351,108.366,15471560000
USDJPY,20190614,1400,108.362,108.471,108.307,108.408,13137860000
USDJPY,20190614,1500,108.409,108.463,108.370,108.453,8643110000
USDJPY,20190614,1600,108.453,108.573,108.435,108.547,5759279998
USDJPY,20190614,1700,108.546,108.587,108.501,108.536,5463510000
USDJPY,20190614,1800,108.536,108.565,108.522,108.561,5415740000
USDJPY,20190614,1900,108.560,108.572,108.529,108.532,4386890000
USDJPY,20190614,2000,108.534,108.562,108.522,108.550,1929830000
USDJPY,20190616,2100,108.493,108.515,108.469,108.500,1624040000
USDJPY,20190616,2200,108.501,108.551,108.501,108.544,4136040000
USDJPY,20190616,2300,108.543,108.589,108.526,108.574,3076170000
USDJPY,20190617,0000,108.573,108.666,108.554,108.634,5873860000
USDJPY,20190617,0100,108.634,108.703,108.593,108.616,6112759999
USDJPY,20190617,0200,108.616,108.624,108.572,108.617,3752000000
USDJPY,20190617,0300,108.618,108.624,108.583,108.583,2165320000
USDJPY,20190617,0400,108.584,108.618,108.582,108.607,2246440000
USDJPY,20190617,0500,108.610,108.655,108.591,108.599,3405410000
USDJPY,20190617,0600,108.599,108.619,108.552,108.605,5890900000
USDJPY,20190617,0700,108.604,108.614,108.548,108.562,7470170000
USDJPY,20190617,0800,108.562,108.600,108.551,108.577,5470480000
USDJPY,20190617,0900,108.576,108.637,108.573,108.621,5991500000
USDJPY,20190617,1000,108.621,108.707,108.609,108.693,6246030000
USDJPY,20190617,1100,108.693,108.724,108.668,108.690,6435330000
USDJPY,20190617,1200,108.690,108.692,108.525,108.556,10823000000
USDJPY,20190617,1300,108.557,108.611,108.524,108.595,7859890000
USDJPY,20190617,1400,108.597,108.678,108.560,108.677,7805370000
USDJPY,20190617,1500,108.676,108.687,108.564,108.570,6336520000
USDJPY,20190617,1600,108.570,108.593,108.548,108.570,3217750000
USDJPY,20190617,1700,108.572,108.619,108.561,108.607,3401800000
USDJPY,20190617,1800,108.604,108.647,108.562,108.570,4584410000
USDJPY,20190617,1900,108.570,108.590,108.556,108.557,3461890000
USDJPY,20190617,2000,108.557,108.564,108.516,108.539,2485060000
USDJPY,20190617,2100,108.535,108.583,108.519,108.555,5760380000
USDJPY,20190617,2200,108.556,108.557,108.521,108.548,827040000
USDJPY,20190617,2300,108.547,108.583,108.529,108.546,2809820000
USDJPY,20190618,0000,108.545,108.554,108.492,108.540,4973860000
USDJPY,20190618,0100,108.538,108.565,108.332,108.347,10135750000
USDJPY,20190618,0200,108.348,108.382,108.325,108.370,6565970000
USDJPY,20190618,0300,108.370,108.382,108.259,108.318,7802990000
USDJPY,20190618,0400,108.318,108.337,108.277,108.335,5475520000
USDJPY,20190618,0500,108.335,108.342,108.256,108.281,9011110000
USDJPY,20190618,0600,108.284,108.304,108.252,108.275,8330570000
USDJPY,20190618,0700,108.275,108.279,108.215,108.257,9504060001
USDJPY,20190618,0800,108.257,108.349,108.196,108.293,16625520000
USDJPY,20190618,0900,108.294,108.345,108.272,108.287,8419320000
USDJPY,20190618,1000,108.287,108.343,108.262,108.291,7127800000
USDJPY,20190618,1100,108.291,108.340,108.206,108.210,8993540000
USDJPY,20190618,1200,108.213,108.273,108.196,108.245,13775110001
USDJPY,20190618,1300,108.244,108.648,108.060,108.630,19867100003
USDJPY,20190618,1400,108.630,108.676,108.492,108.499,14425419999
USDJPY,20190618,1500,108.499,108.529,108.225,108.395,13802080000
USDJPY,20190618,1600,108.395,108.500,108.388,108.454,6725880000
USDJPY,20190618,1700,108.454,108.503,108.435,108.455,6463420000
USDJPY,20190618,1800,108.455,108.467,108.413,108.440,3720570000
USDJPY,20190618,1900,108.439,108.458,108.406,108.425,5341880000
USDJPY,20190618,2000,108.423,108.451,108.406,108.446,2870760000
USDJPY,20190618,2100,108.446,108.481,108.438,108.466,3345430000
USDJPY,20190618,2200,108.467,108.525,108.441,108.511,977760000
USDJPY,20190618,2300,108.510,108.602,108.478,108.582,3074710000
USDJPY,20190619,0000,108.583,108.617,108.515,108.544,8197860000
USDJPY,20190619,0100,108.544,108.613,108.521,108.535,9171000000
USDJPY,20190619,0200,108.536,108.538,108.435,108.449,6733090000
USDJPY,20190619,0300,108.450,108.473,108.428,108.455,4024729999
USDJPY,20190619,0400,108.455,108.456,108.332,108.355,6224140000
USDJPY,20190619,0500,108.357,108.373,108.320,108.348,6492690000
USDJPY,20190619,0600,108.349,108.349,108.250,108.254,7674490001
USDJPY,20190619,0700,108.252,108.406,108.235,108.386,8252620000
USDJPY,20190619,0800,108.386,108.456,108.363,108.435,7009020000
USDJPY,20190619,0900,108.435,108.449,108.394,108.412,5546580000
USDJPY,20190619,1000,108.413,108.436,108.377,108.402,4502500000
USDJPY,20190619,1100,108.402,108.419,108.382,108.413,5006530000
USDJPY,20190619,1200,108.412,108.492,108.397,108.468,7176210001
USDJPY,20190619,1300,108.469,108.485,108.416,108.455,6635550000
USDJPY,20190619,1400,108.456,108.465,108.392,108.399,7667840000
USDJPY,20190619,1500,108.400,108.402,108.337,108.368,5999970000
USDJPY,20190619,1600,108.368,108.403,108.338,108.355,5294900000
USDJPY,20190619,1700,108.355,108.365,108.295,108.362,5505250000
USDJPY,20190619,1800,108.367,108.386,107.900,107.966,32686950001
USDJPY,20190619,1900,107.965,108.159,107.944,108.092,16813040001
USDJPY,20190619,2000,108.090,108.137,108.048,108.101,5003340000
USDJPY,20190619,2100,108.101,108.103,107.996,108.077,5230860000
USDJPY,20190619,2200,108.075,108.128,108.053,108.083,1655930000
USDJPY,20190619,2300,108.083,108.141,108.036,108.114,4166850000
USDJPY,20190620,0000,108.112,108.119,107.606,107.641,16424280000
USDJPY,20190620,0100,107.642,107.671,107.551,107.654,16584700000
USDJPY,20190620,0200,107.654,107.790,107.561,107.589,9393530000
USDJPY,20190620,0300,107.589,107.656,107.556,107.605,8371860000
USDJPY,20190620,0400,107.605,107.683,107.600,107.648,6683240000
USDJPY,20190620,0500,107.648,107.664,107.576,107.626,8108240000
USDJPY,20190620,0600,107.626,107.681,107.466,107.584,14915280000
USDJPY,20190620,0700,107.586,107.768,107.564,107.674,16327269999
USDJPY,20190620,0800,107.673,107.882,107.669,107.790,12762680000
USDJPY,20190620,0900,107.789,107.829,107.745,107.815,9865460000
USDJPY,20190620,1000,107.815,107.840,107.783,107.783,6910940000
USDJPY,20190620,1100,107.783,107.797,107.682,107.693,9539080000
USDJPY,20190620,1200,107.692,107.756,107.536,107.678,16222589999
USDJPY,20190620,1300,107.678,107.727,107.637,107.703,11347700000
USDJPY,20190620,1400,107.704,107.754,107.512,107.548,14647820000
USDJPY,20190620,1500,107.547,107.575,107.476,107.517,10096280001
USDJPY,20190620,1600,107.516,107.528,107.224,107.350,15463660000
USDJPY,20190620,1700,107.350,107.412,107.312,107.343,10228020000
USDJPY,20190620,1800,107.343,107.399,107.227,107.262,8240530001
USDJPY,20190620,1900,107.263,107.350,107.209,107.331,7972510000
USDJPY,20190620,2000,107.328,107.391,107.288,107.292,4681910000
USDJPY,20190620,2100,107.282,107.310,107.252,107.303,2930010000
USDJPY,20190620,2200,107.300,107.355,107.255,107.349,1962010000
USDJPY,20190620,2300,107.351,107.351,107.277,107.299,4193020000
USDJPY,20190621,0000,107.299,107.371,107.234,107.346,9514660000
USDJPY,20190621,0100,107.348,107.364,107.147,107.165,10876310000
USDJPY,20190621,0200,107.166,107.209,107.060,107.091,8716150000
USDJPY,20190621,0300,107.092,107.125,107.048,107.097,5880090000
USDJPY,20190621,0400,107.096,107.153,107.063,107.100,6006380000
USDJPY,20190621,0500,107.101,107.233,107.061,107.214,10297100000
USDJPY,20190621,0600,107.215,107.326,107.201,107.299,10027450000
USDJPY,20190621,0700,107.299,107.534,107.253,107.451,18742729998
USDJPY,20190621,0800,107.451,107.454,107.360,107.427,10527420000
USDJPY,20190621,0900,107.427,107.544,107.408,107.534,8045170000
USDJPY,20190621,1000,107.535,107.562,107.449,107.560,9234180000
USDJPY,20190621,1100,107.561,107.577,107.468,107.482,9459650000
USDJPY,20190621,1200,107.482,107.512,107.432,107.465,11875419999
USDJPY,20190621,1300,107.465,107.587,107.392,107.585,12648860000
USDJPY,20190621,1400,107.585,107.712,107.518,107.688,15332679999
USDJPY,20190621,1500,107.687,107.734,107.517,107.552,13358920000
USDJPY,20190621,1600,107.553,107.559,107.441,107.486,11741210000
USDJPY,20190621,1700,107.486,107.506,107.345,107.427,11855040000
USDJPY,20190621,1800,107.427,107.458,107.367,107.413,6312010000
USDJPY,20190621,1900,107.412,107.423,107.304,107.350,6829360000
USDJPY,20190621,2000,107.350,107.376,107.297,107.303,2821000000
USDJPY,20190623,2100,107.263,107.318,107.263,107.291,391750000
USDJPY,20190623,2200,107.290,107.362,107.284,107.357,2019600000
USDJPY,20190623,2300,107.357,107.377,107.297,107.302,4993070002
USDJPY,20190624,0000,107.303,107.414,107.266,107.359,11528930000
USDJPY,20190624,0100,107.360,107.391,107.315,107.368,9950980000
USDJPY,20190624,0200,107.369,107.432,107.347,107.352,7101029997
USDJPY,20190624,0300,107.352,107.414,107.335,107.404,5989350000
USDJPY,20190624,0400,107.403,107.448,107.386,107.430,5731080000
USDJPY,20190624,0500,107.431,107.481,107.410,107.480,6106909997
USDJPY,20190624,0600,107.480,107.480,107.367,107.427,9501750001
USDJPY,20190624,0700,107.424,107.449,107.392,107.410,8875040000
USDJPY,20190624,0800,107.410,107.438,107.346,107.368,9247530000
USDJPY,20190624,0900,107.370,107.411,107.335,107.343,5868790000
USDJPY,20190624,1000,107.342,107.370,107.279,107.294,4413880000
USDJPY,20190624,1100,107.293,107.311,107.248,107.307,6474400000
USDJPY,20190624,1200,107.307,107.444,107.276,107.429,8185580000
USDJPY,20190624,1300,107.428,107.494,107.372,107.465,9572390000
USDJPY,20190624,1400,107.464,107.537,107.355,107.373,10387600001
USDJPY,20190624,1500,107.372,107.386,107.268,107.365,9166480000
USDJPY,20190624,1600,107.364,107.422,107.317,107.336,4527160000
USDJPY,20190624,1700,107.337,107.373,107.326,107.328,3525310000
USDJPY,20190624,1800,107.327,107.327,107.252,107.311,5913590000
USDJPY,20190624,1900,107.311,107.382,107.300,107.324,5339610000
USDJPY,20190624,2000,107.327,107.333,107.272,107.295,2848049998
USDJPY,20190624,2100,107.291,107.315,107.253,107.307,7361190000
USDJPY,20190624,2200,107.306,107.378,107.289,107.330,3221580000
USDJPY,20190624,2300,107.328,107.360,107.294,107.334,2409500000
USDJPY,20190625,0000,107.335,107.409,107.275,107.305,9916590003
USDJPY,20190625,0100,107.307,107.316,107.109,107.124,11118580000
USDJPY,20190625,0200,107.126,107.156,107.028,107.035,8879950000
USDJPY,20190625,0300,107.036,107.082,106.928,106.946,10300470000
USDJPY,20190625,0400,106.947,106.980,106.778,106.822,10816260000
USDJPY,20190625,0500,106.823,107.046,106.811,107.037,11848210001
USDJPY,20190625,0600,107.037,107.049,106.934,107.037,12375660000
USDJPY,20190625,0700,107.037,107.044,106.943,107.038,10547950000
USDJPY,20190625,0800,107.037,107.149,106.969,107.066,10913140000
USDJPY,20190625,0900,107.065,107.123,107.042,107.093,7468920000
USDJPY,20190625,1000,107.093,107.093,106.917,106.972,7511480000
USDJPY,20190625,1100,106.972,107.102,106.972,107.085,8262350000
USDJPY,20190625,1200,107.084,107.132,107.033,107.070,9910570001
USDJPY,20190625,1300,107.070,107.076,106.952,107.017,10516500002
USDJPY,20190625,1400,107.018,107.024,106.833,106.957,14423890000
USDJPY,20190625,1500,106.956,106.983,106.892,106.919,9000550005
USDJPY,20190625,1600,106.919,107.281,106.882,107.234,11593849998
USDJPY,20190625,1700,107.235,107.402,107.097,107.170,23617890000
USDJPY,20190625,1800,107.172,107.188,107.058,107.135,10962789998
USDJPY,20190625,1900,107.135,107.220,107.083,107.191,7513520000
USDJPY,20190625,2000,107.189,107.197,107.153,107.169,2040640000
USDJPY,20190625,2100,107.169,107.190,107.140,107.142,6826780000
USDJPY,20190625,2200,107.142,107.252,107.099,107.205,2846400000
USDJPY,20190625,2300,107.205,107.210,107.136,107.174,4033720000
USDJPY,20190626,0000,107.175,107.387,107.160,107.352,10523659998
USDJPY,20190626,0100,107.352,107.432,107.321,107.379,9158040000
USDJPY,20190626,0200,107.382,107.498,107.377,107.447,7952270000
USDJPY,20190626,0300,107.445,107.493,107.429,107.457,5230870000
USDJPY,20190626,0400,107.456,107.501,107.415,107.480,5704020000
USDJPY,20190626,0500,107.480,107.482,107.417,107.449,5326680000
USDJPY,20190626,0600,107.449,107.495,107.361,107.474,7573950000
USDJPY,20190626,0700,107.474,107.476,107.404,107.472,8742840000
USDJPY,20190626,0800,107.471,107.494,107.417,107.442,6890180000
USDJPY,20190626,0900,107.443,107.717,107.441,107.677,15682680000
USDJPY,20190626,1000,107.678,107.724,107.639,107.689,11962970000
USDJPY,20190626,1100,107.688,107.750,107.681,107.745,7413330000
USDJPY,20190626,1200,107.745,107.755,107.598,107.654,12665310000
USDJPY,20190626,1300,107.655,107.703,107.603,107.697,10422080000
USDJPY,20190626,1400,107.697,107.700,107.595,107.635,8933410000
USDJPY,20190626,1500,107.634,107.698,107.604,107.637,8384830001
USDJPY,20190626,1600,107.638,107.682,107.630,107.664,5001890000
USDJPY,20190626,1700,107.663,107.757,107.651,107.756,5769050000
USDJPY,20190626,1800,107.755,107.848,107.750,107.833,6982030000
USDJPY,20190626,1900,107.835,107.849,107.777,107.806,6011480000
USDJPY,20190626,2000,107.804,107.817,107.762,107.787,2706310000
USDJPY,20190626,2100,107.779,107.798,107.667,107.751,4895630000
USDJPY,20190626,2200,107.760,107.760,107.715,107.727,1179230000
USDJPY,20190626,2300,107.725,107.750,107.717,107.746,1519410000
USDJPY,20190627,0000,107.745,107.779,107.647,107.673,6824380000
USDJPY,20190627,0100,107.675,107.803,107.663,107.791,8828030001
USDJPY,20190627,0200,107.805,108.037,107.782,108.004,9449710000
USDJPY,20190627,0300,108.004,108.111,107.963,108.093,6599779999
USDJPY,20190627,0400,108.095,108.133,108.041,108.061,4718610000
USDJPY,20190627,0500,108.061,108.116,108.055,108.064,4296240000
USDJPY,20190627,0600,108.066,108.161,108.022,108.064,8647220000
USDJPY,20190627,0700,108.062,108.102,107.964,108.050,12848460000
USDJPY,20190627,0800,108.050,108.052,107.912,107.940,10296710000
USDJPY,20190627,0900,107.940,107.964,107.851,107.852,9226960000
USDJPY,20190627,1000,107.850,107.873,107.771,107.837,15113330000
USDJPY,20190627,1100,107.838,107.896,107.785,107.840,8450800000
USDJPY,20190627,1200,107.840,107.952,107.802,107.877,11549350000
USDJPY,20190627,1300,107.876,107.928,107.840,107.907,8088310000
USDJPY,20190627,1400,107.907,107.910,107.742,107.764,9963020001
USDJPY,20190627,1500,107.765,107.831,107.672,107.732,9022840000
USDJPY,20190627,1600,107.733,107.788,107.700,107.741,4420440001
USDJPY,20190627,1700,107.740,107.770,107.703,107.744,4457120000
USDJPY,20190627,1800,107.744,107.774,107.721,107.748,3880050000
USDJPY,20190627,1900,107.748,107.783,107.730,107.772,4404269997
USDJPY,20190627,2000,107.772,107.858,107.749,107.789,3252489998
USDJPY,20190627,2100,107.774,107.828,107.765,107.812,8052409999
USDJPY,20190627,2200,107.813,107.820,107.769,107.790,800370000
USDJPY,20190627,2300,107.790,107.794,107.689,107.752,3029510000
USDJPY,20190628,0000,107.755,107.790,107.636,107.677,9867449999
USDJPY,20190628,0100,107.677,107.752,107.640,107.686,9025359998
USDJPY,20190628,0200,107.688,107.696,107.561,107.632,8424020000
USDJPY,20190628,0300,107.633,107.682,107.607,107.620,6084560000
USDJPY,20190628,0400,107.620,107.708,107.614,107.639,8450969999
USDJPY,20190628,0500,107.639,107.707,107.613,107.706,7387750002
USDJPY,20190628,0600,107.706,107.767,107.671,107.696,11210940000
USDJPY,20190628,0700,107.696,107.742,107.621,107.646,10077640000
USDJPY,20190628,0800,107.645,107.691,107.598,107.652,6460300000
USDJPY,20190628,0900,107.652,107.687,107.622,107.667,6630830000
USDJPY,20190628,1000,107.668,107.683,107.631,107.677,4083280000
USDJPY,20190628,1100,107.677,107.746,107.662,107.738,7274800000
USDJPY,20190628,1200,107.738,107.814,107.706,107.763,11466269995
USDJPY,20190628,1300,107.763,107.797,107.706,107.753,8871540000
USDJPY,20190628,1400,107.754,107.797,107.636,107.740,11897869999
USDJPY,20190628,1500,107.740,107.859,107.731,107.843,6473160000
USDJPY,20190628,1600,107.843,107.886,107.812,107.882,3707290000
USDJPY,20190628,1700,107.881,107.907,107.837,107.850,4428930000
USDJPY,20190628,1800,107.852,107.862,107.767,107.772,3752740002
USDJPY,20190628,1900,107.775,107.837,107.759,107.813,4801550000
USDJPY,20190628,2000,107.812,107.935,107.798,107.908,4893720000
USDJPY,20190630,2100,108.150,108.256,108.148,108.210,1693450000
USDJPY,20190630,2200,108.211,108.510,108.180,108.489,7559850000
USDJPY,20190630,2300,108.489,108.490,108.321,108.378,4925070000
USDJPY,20190701,0000,108.378,108.378,108.169,108.241,7233949999
USDJPY,20190701,0100,108.241,108.298,108.102,108.149,8237670000
USDJPY,20190701,0200,108.149,108.247,108.133,108.231,5599790000
USDJPY,20190701,0300,108.231,108.267,108.222,108.266,3445660000
USDJPY,20190701,0400,108.266,108.307,108.235,108.241,5353560000
USDJPY,20190701,0500,108.239,108.357,108.229,108.330,6763680000
USDJPY,20190701,0600,108.330,108.467,108.325,108.466,6934810000
USDJPY,20190701,0700,108.465,108.533,108.312,108.333,9373590000
USDJPY,20190701,0800,108.333,108.333,108.239,108.246,10932790000
USDJPY,20190701,0900,108.245,108.300,108.219,108.289,5505950000
USDJPY,20190701,1000,108.290,108.335,108.244,108.257,5940420000
USDJPY,20190701,1100,108.257,108.300,108.226,108.294,8921430000
USDJPY,20190701,1200,108.293,108.364,108.275,108.350,8447020000
USDJPY,20190701,1300,108.349,108.357,108.237,108.260,7298210000
USDJPY,20190701,1400,108.260,108.391,108.258,108.323,9859080000
USDJPY,20190701,1500,108.323,108.455,108.295,108.416,8697109999
USDJPY,20190701,1600,108.417,108.490,108.389,108.476,4625460000
USDJPY,20190701,1700,108.477,108.487,108.423,108.456,4555700000
USDJPY,20190701,1800,108.456,108.486,108.421,108.464,3430190000
USDJPY,20190701,1900,108.464,108.469,108.410,108.433,5036830000
USDJPY,20190701,2000,108.434,108.451,108.402,108.439,3451440000
USDJPY,20190701,2100,108.431,108.464,108.419,108.426,4741290000
USDJPY,20190701,2200,108.426,108.431,108.273,108.316,4956180000
USDJPY,20190701,2300,108.313,108.377,108.306,108.376,2977160000
USDJPY,20190702,0000,108.374,108.459,108.341,108.431,4275300000
USDJPY,20190702,0100,108.431,108.474,108.385,108.444,4090430000
USDJPY,20190702,0200,108.443,108.449,108.399,108.419,2989160000
USDJPY,20190702,0300,108.420,108.433,108.396,108.416,3268980000
USDJPY,20190702,0400,108.417,108.421,108.348,108.390,4451280000
USDJPY,20190702,0500,108.391,108.391,108.313,108.350,3796200000
USDJPY,20190702,0600,108.350,108.429,108.350,108.369,5145120000
USDJPY,20190702,0700,108.370,108.387,108.235,108.260,8650160000
USDJPY,20190702,0800,108.260,108.268,108.198,108.215,6035320000
USDJPY,20190702,0900,108.217,108.274,108.203,108.267,8043499999
USDJPY,20190702,1000,108.268,108.278,108.236,108.257,4627690000
USDJPY,20190702,1100,108.259,108.299,108.244,108.271,4062590000
USDJPY,20190702,1200,108.270,108.290,108.155,108.178,5639290000
USDJPY,20190702,1300,108.177,108.213,108.116,108.147,6537099999
USDJPY,20190702,1400,108.146,108.252,108.071,108.116,9508720000
USDJPY,20190702,1500,108.119,108.127,107.929,107.987,8643970000
USDJPY,20190702,1600,107.987,107.987,107.766,107.877,7678710000
USDJPY,20190702,1700,107.878,107.913,107.850,107.883,3523320000
USDJPY,20190702,1800,107.883,107.909,107.807,107.833,3420120000
USDJPY,20190702,1900,107.833,107.903,107.798,107.896,5555010000
USDJPY,20190702,2000,107.896,107.922,107.874,107.875,2451380000
USDJPY,20190702,2100,107.875,107.914,107.859,107.902,2423050000
USDJPY,20190702,2200,107.902,107.902,107.820,107.852,1994930000
USDJPY,20190702,2300,107.851,107.901,107.798,107.834,3531280000
USDJPY,20190703,0000,107.834,107.838,107.618,107.629,7421580000
USDJPY,20190703,0100,107.632,107.643,107.532,107.593,8308280000
USDJPY,20190703,0200,107.593,107.638,107.542,107.581,5826190000
USDJPY,20190703,0300,107.578,107.633,107.576,107.628,4910630000
USDJPY,20190703,0400,107.627,107.640,107.576,107.630,5135830000
USDJPY,20190703,0500,107.632,107.702,107.610,107.689,4485160000
USDJPY,20190703,0600,107.690,107.695,107.588,107.624,7915440000
USDJPY,20190703,0700,107.624,107.748,107.608,107.746,9629170000
USDJPY,20190703,0800,107.746,107.765,107.689,107.689,8126020000
USDJPY,20190703,0900,107.691,107.740,107.670,107.731,6008380000
USDJPY,20190703,1000,107.729,107.733,107.623,107.630,5613630000
USDJPY,20190703,1100,107.630,107.689,107.630,107.668,6682740000
USDJPY,20190703,1200,107.668,107.767,107.576,107.762,12516900000
USDJPY,20190703,1300,107.762,107.806,107.733,107.749,9120230000
USDJPY,20190703,1400,107.748,107.783,107.644,107.776,10078050000
USDJPY,20190703,1500,107.776,107.876,107.747,107.834,5484420000
USDJPY,20190703,1600,107.836,107.862,107.797,107.832,3864200000
USDJPY,20190703,1700,107.831,107.886,107.816,107.855,1653860000
USDJPY,20190703,1800,107.856,107.877,107.837,107.861,1285250000
USDJPY,20190703,1900,107.861,107.875,107.849,107.873,883410000
USDJPY,20190703,2000,107.873,107.873,107.783,107.783,2128260000
USDJPY,20190703,2100,107.786,107.832,107.764,107.803,8745020000
USDJPY,20190703,2200,107.803,107.815,107.770,107.784,1160390000
USDJPY,20190703,2300,107.783,107.805,107.747,107.768,2257790000
USDJPY,20190704,0000,107.769,107.802,107.745,107.752,2870030000
USDJPY,20190704,0100,107.752,107.766,107.707,107.727,2783180000
USDJPY,20190704,0200,107.727,107.763,107.716,107.758,2370990000
USDJPY,20190704,0300,107.757,107.794,107.755,107.787,2289160000
USDJPY,20190704,0400,107.787,107.833,107.775,107.795,2331050000
USDJPY,20190704,0500,107.796,107.842,107.793,107.809,2979510000
USDJPY,20190704,0600,107.810,107.826,107.783,107.798,2684670000
USDJPY,20190704,0700,107.798,107.836,107.784,107.807,5255550000
USDJPY,20190704,0800,107.809,107.830,107.789,107.817,3854360000
USDJPY,20190704,0900,107.817,107.827,107.766,107.772,6516530000
USDJPY,20190704,1000,107.772,107.796,107.747,107.784,5205440000
USDJPY,20190704,1100,107.784,107.795,107.753,107.780,4122110000
USDJPY,20190704,1200,107.781,107.785,107.762,107.778,2467110000
USDJPY,20190704,1300,107.779,107.828,107.778,107.821,4025710000
USDJPY,20190704,1400,107.820,107.821,107.773,107.813,3712230000
USDJPY,20190704,1500,107.813,107.821,107.788,107.808,1991470000
USDJPY,20190704,1600,107.808,107.812,107.781,107.793,1278340000
USDJPY,20190704,1700,107.793,107.801,107.765,107.783,3012160000
USDJPY,20190704,1800,107.784,107.792,107.771,107.777,1240160000
USDJPY,20190704,1900,107.778,107.790,107.776,107.790,839090000
USDJPY,20190704,2000,107.788,107.834,107.784,107.809,2221080000
USDJPY,20190704,2100,107.807,107.830,107.789,107.813,1726920000
USDJPY,20190704,2200,107.813,107.832,107.781,107.800,1475190000
USDJPY,20190704,2300,107.798,107.834,107.782,107.822,1575200000
USDJPY,20190705,0000,107.824,107.880,107.803,107.858,4702500000
USDJPY,20190705,0100,107.857,107.883,107.819,107.824,3944669999
USDJPY,20190705,0200,107.823,107.862,107.818,107.850,3089650000
USDJPY,20190705,0300,107.851,107.860,107.833,107.845,2110440000
USDJPY,20190705,0400,107.844,107.877,107.833,107.869,2238860000
USDJPY,20190705,0500,107.871,107.911,107.862,107.879,2326660000
USDJPY,20190705,0600,107.878,107.961,107.876,107.935,5911140000
USDJPY,20190705,0700,107.936,108.065,107.894,108.050,8106400000
USDJPY,20190705,0800,108.051,108.069,107.986,108.021,7164070000
USDJPY,20190705,0900,108.021,108.049,107.999,108.009,5346300000
USDJPY,20190705,1000,108.010,108.050,108.006,108.047,4221270000
USDJPY,20190705,1100,108.048,108.155,108.048,108.145,6164180000
USDJPY,20190705,1200,108.145,108.458,108.055,108.426,17298200000
USDJPY,20190705,1300,108.427,108.589,108.375,108.566,14123930000
USDJPY,20190705,1400,108.567,108.622,108.423,108.461,10705570000
USDJPY,20190705,1500,108.462,108.579,108.453,108.551,7671410000
USDJPY,20190705,1600,108.552,108.571,108.520,108.544,4712710000
USDJPY,20190705,1700,108.544,108.560,108.526,108.545,3575290000
USDJPY,20190705,1800,108.546,108.637,108.545,108.563,4870340000
USDJPY,20190705,1900,108.564,108.573,108.472,108.489,4923750000
USDJPY,20190705,2000,108.488,108.500,108.453,108.454,2325470000
USDJPY,20190707,2100,108.411,108.472,108.408,108.445,928950000
USDJPY,20190707,2200,108.438,108.586,108.434,108.508,3755800000
USDJPY,20190707,2300,108.510,108.532,108.466,108.488,2356990000
USDJPY,20190708,0000,108.487,108.564,108.406,108.528,6978670000
USDJPY,20190708,0100,108.529,108.551,108.432,108.464,6521080000
USDJPY,20190708,0200,108.465,108.489,108.392,108.399,4071910000
USDJPY,20190708,0300,108.399,108.420,108.358,108.376,3707830000
USDJPY,20190708,0400,108.378,108.390,108.315,108.332,4116270000
USDJPY,20190708,0500,108.331,108.339,108.280,108.297,3747190000
USDJPY,20190708,0600,108.297,108.373,108.286,108.335,5008790000
USDJPY,20190708,0700,108.334,108.387,108.303,108.335,8070040000
USDJPY,20190708,0800,108.335,108.410,108.328,108.386,5204380000
USDJPY,20190708,0900,108.386,108.466,108.374,108.461,7394020000
USDJPY,20190708,1000,108.460,108.537,108.458,108.530,5788370000
USDJPY,20190708,1100,108.530,108.603,108.528,108.571,5217420000
USDJPY,20190708,1200,108.572,108.615,108.516,108.568,8019780000
USDJPY,20190708,1300,108.568,108.676,108.542,108.636,7573280000
USDJPY,20190708,1400,108.636,108.728,108.629,108.665,5460510000
USDJPY,20190708,1500,108.664,108.725,108.628,108.719,3889250000
USDJPY,20190708,1600,108.718,108.720,108.649,108.679,2743460000
USDJPY,20190708,1700,108.679,108.699,108.646,108.685,1728090000
USDJPY,20190708,1800,108.685,108.728,108.654,108.725,4035650000
USDJPY,20190708,1900,108.728,108.805,108.713,108.795,4044160000
USDJPY,20190708,2000,108.795,108.796,108.711,108.718,2018530000
USDJPY,20190708,2100,108.717,108.723,108.677,108.703,909350000
USDJPY,20190708,2200,108.703,108.744,108.699,108.729,1601440000
USDJPY,20190708,2300,108.729,108.776,108.698,108.723,2529680000
USDJPY,20190709,0000,108.723,108.891,108.723,108.855,5629860000
USDJPY,20190709,0100,108.855,108.895,108.805,108.835,5702120000
USDJPY,20190709,0200,108.838,108.874,108.802,108.832,3146840000
USDJPY,20190709,0300,108.832,108.851,108.750,108.771,5925240000
USDJPY,20190709,0400,108.772,108.780,108.716,108.728,4531540000
USDJPY,20190709,0500,108.727,108.784,108.718,108.770,4835090000
USDJPY,20190709,0600,108.769,108.809,108.750,108.801,7415250000
USDJPY,20190709,0700,108.801,108.906,108.792,108.818,11420760000
USDJPY,20190709,0800,108.819,108.927,108.790,108.913,8398950000
USDJPY,20190709,0900,108.914,108.963,108.884,108.891,7257250000
USDJPY,20190709,1000,108.890,108.897,108.768,108.795,7002390000
USDJPY,20190709,1100,108.795,108.848,108.795,108.828,8184470000
USDJPY,20190709,1200,108.829,108.839,108.764,108.808,6357400000
USDJPY,20190709,1300,108.808,108.851,108.762,108.843,7254450000
USDJPY,20190709,1400,108.845,108.850,108.772,108.775,5274500000
USDJPY,20190709,1500,108.775,108.797,108.735,108.784,4580830000
USDJPY,20190709,1600,108.785,108.837,108.776,108.806,3209870000
USDJPY,20190709,1700,108.806,108.813,108.728,108.809,3564830000
USDJPY,20190709,1800,108.811,108.872,108.800,108.866,1738200000
USDJPY,20190709,1900,108.867,108.930,108.864,108.887,3428630000
USDJPY,20190709,2000,108.887,108.894,108.850,108.852,1549930000
USDJPY,20190709,2100,108.850,108.866,108.802,108.846,2981240000
USDJPY,20190709,2200,108.848,108.891,108.847,108.884,932920000
USDJPY,20190709,2300,108.884,108.941,108.874,108.933,2393920000
USDJPY,20190710,0000,108.934,108.990,108.920,108.967,4974649999
USDJPY,20190710,0100,108.966,108.987,108.879,108.900,4553760000
USDJPY,20190710,0200,108.899,108.930,108.880,108.896,3701310000
USDJPY,20190710,0300,108.896,108.914,108.889,108.895,4495110000
USDJPY,20190710,0400,108.893,108.907,108.857,108.863,3716140000
USDJPY,20190710,0500,108.863,108.893,108.856,108.861,4395260000
USDJPY,20190710,0600,108.861,108.952,108.860,108.929,8511730000
USDJPY,20190710,0700,108.928,108.976,108.923,108.953,9414600000
USDJPY,20190710,0800,108.953,108.963,108.911,108.941,9847210000
USDJPY,20190710,0900,108.941,108.968,108.868,108.899,8816180000
USDJPY,20190710,1000,108.899,108.919,108.866,108.914,5037110000
USDJPY,20190710,1100,108.913,108.951,108.912,108.945,4733890000
USDJPY,20190710,1200,108.944,108.956,108.533,108.546,16527080001
USDJPY,20190710,1300,108.546,108.747,108.522,108.705,12954979999
USDJPY,20190710,1400,108.703,108.717,108.489,108.540,10380096352
USDJPY,20190710,1500,108.536,108.574,108.397,108.435,10798240000
USDJPY,20190710,1600,108.437,108.473,108.399,108.407,5452030000
USDJPY,20190710,1700,108.407,108.482,108.398,108.411,5614670001
USDJPY,20190710,1800,108.412,108.475,108.346,108.423,6060330000
USDJPY,20190710,1900,108.422,108.452,108.393,108.425,4227350000
USDJPY,20190710,2000,108.425,108.479,108.425,108.462,1839240000
USDJPY,20190710,2100,108.456,108.461,108.363,108.408,1113010000
USDJPY,20190710,2200,108.410,108.414,108.313,108.321,1538140000
USDJPY,20190710,2300,108.322,108.361,108.317,108.337,2672400000
USDJPY,20190711,0000,108.336,108.336,108.093,108.130,8737400000
USDJPY,20190711,0100,108.133,108.143,108.044,108.074,6144080000
USDJPY,20190711,0200,108.077,108.077,107.934,107.939,5748240000
USDJPY,20190711,0300,107.938,107.961,107.859,107.923,4599490000
USDJPY,20190711,0400,107.923,107.986,107.898,107.950,3636210000
USDJPY,20190711,0500,107.951,108.006,107.935,107.999,2547090000
USDJPY,20190711,0600,107.999,108.021,107.949,107.991,4999520000
USDJPY,20190711,0700,107.992,108.123,107.964,108.054,8245730000
USDJPY,20190711,0800,108.054,108.080,108.021,108.056,4760180000
USDJPY,20190711,0900,108.055,108.180,108.050,108.173,4832120001
USDJPY,20190711,1000,108.172,108.200,108.120,108.127,5043880000
USDJPY,20190711,1100,108.126,108.149,108.089,108.097,5594120000
USDJPY,20190711,1200,108.097,108.331,108.034,108.256,16221989999
USDJPY,20190711,1300,108.256,108.348,108.189,108.310,8888680001
USDJPY,20190711,1400,108.311,108.345,108.241,108.337,7180270000
USDJPY,20190711,1500,108.339,108.350,108.261,108.292,5180130000
USDJPY,20190711,1600,108.291,108.464,108.291,108.459,5520220000
USDJPY,20190711,1700,108.458,108.531,108.427,108.442,10064340000
USDJPY,20190711,1800,108.441,108.474,108.414,108.455,5423830002
USDJPY,20190711,1900,108.456,108.479,108.437,108.443,3379420000
USDJPY,20190711,2000,108.443,108.511,108.440,108.489,2688100000
USDJPY,20190711,2100,108.488,108.500,108.469,108.482,6618480000
USDJPY,20190711,2200,108.480,108.482,108.441,108.472,2112780000
USDJPY,20190711,2300,108.472,108.609,108.467,108.591,2750800000
USDJPY,20190712,0000,108.591,108.607,108.446,108.517,7182820000
USDJPY,20190712,0100,108.517,108.521,108.375,108.387,7305150000
USDJPY,20190712,0200,108.389,108.401,108.313,108.374,3961740000
USDJPY,20190712,0300,108.374,108.447,108.346,108.363,4364100000
USDJPY,20190712,0400,108.362,108.429,108.294,108.320,3524850000
USDJPY,20190712,0500,108.320,108.358,108.289,108.326,4624320000
USDJPY,20190712,0600,108.327,108.374,108.324,108.342,5974440000
USDJPY,20190712,0700,108.341,108.397,108.320,108.366,7244440000
USDJPY,20190712,0800,108.366,108.374,108.248,108.340,7123780000
USDJPY,20190712,0900,108.340,108.473,108.336,108.426,7838940002
USDJPY,20190712,1000,108.426,108.439,108.323,108.347,4647450000
USDJPY,20190712,1100,108.347,108.351,108.252,108.286,6380040000
USDJPY,20190712,1200,108.286,108.351,108.220,108.268,9679530000
USDJPY,20190712,1300,108.269,108.302,108.070,108.077,10816180000
USDJPY,20190712,1400,108.077,108.122,107.995,108.012,7132910001
USDJPY,20190712,1500,108.012,108.038,107.952,108.007,7791810000
USDJPY,20190712,1600,108.008,108.019,107.916,107.928,4425280000
USDJPY,20190712,1700,107.928,107.951,107.871,107.907,3372580000
USDJPY,20190712,1800,107.907,107.907,107.805,107.805,4359850000
USDJPY,20190712,1900,107.804,107.871,107.804,107.855,4676440000
USDJPY,20190712,2000,107.855,107.930,107.846,107.884,3352140000
USDJPY,20190714,2100,107.861,107.936,107.849,107.882,5695490000
USDJPY,20190714,2200,107.888,107.904,107.832,107.879,1513300000
USDJPY,20190714,2300,107.879,107.921,107.797,107.830,2703620000
USDJPY,20190715,0000,107.829,107.858,107.807,107.820,3443450000
USDJPY,20190715,0100,107.819,107.922,107.811,107.878,6501090000
USDJPY,20190715,0200,107.882,108.081,107.882,108.058,9185450000
USDJPY,20190715,0300,108.057,108.108,108.001,108.009,5327290000
USDJPY,20190715,0400,108.010,108.067,107.962,108.033,4314820000
USDJPY,20190715,0500,108.032,108.075,108.001,108.002,3138290000
USDJPY,20190715,0600,108.003,108.062,107.928,107.931,4947950000
USDJPY,20190715,0700,107.932,108.019,107.932,107.952,5617740000
USDJPY,20190715,0800,107.951,107.967,107.855,107.896,6130600000
USDJPY,20190715,0900,107.895,107.930,107.822,107.853,4515450000
USDJPY,20190715,1000,107.852,107.926,107.825,107.920,4055559998
USDJPY,20190715,1100,107.920,107.960,107.870,107.953,3724540000
USDJPY,20190715,1200,107.952,107.960,107.911,107.925,5670700000
USDJPY,20190715,1300,107.925,107.952,107.846,107.866,6482130000
USDJPY,20190715,1400,107.867,107.988,107.852,107.974,6046700000
USDJPY,20190715,1500,107.975,107.976,107.886,107.895,4898050001
USDJPY,20190715,1600,107.895,107.902,107.858,107.865,3039130000
USDJPY,20190715,1700,107.865,107.908,107.840,107.877,2638060000
USDJPY,20190715,1800,107.877,107.915,107.864,107.900,2199730000
USDJPY,20190715,1900,107.900,107.942,107.893,107.907,2226650000
USDJPY,20190715,2000,107.907,107.915,107.871,107.907,1466750000
USDJPY,20190715,2100,107.901,107.921,107.871,107.879,13928500000
USDJPY,20190715,2200,107.879,107.884,107.821,107.866,2363890000
USDJPY,20190715,2300,107.865,107.911,107.840,107.907,4544270000
USDJPY,20190716,0000,107.906,107.952,107.876,107.951,4762100000
USDJPY,20190716,0100,107.950,108.093,107.920,107.947,7571460000
USDJPY,20190716,0200,107.946,107.993,107.911,107.961,4746150000
USDJPY,20190716,0300,107.959,107.991,107.938,107.985,2336910000
USDJPY,20190716,0400,107.985,107.999,107.965,107.977,3287150000
USDJPY,20190716,0500,107.974,108.037,107.961,108.032,3426620001
USDJPY,20190716,0600,108.032,108.100,108.004,108.056,5362570000
USDJPY,20190716,0700,108.057,108.098,108.025,108.059,5213220000
USDJPY,20190716,0800,108.058,108.081,107.994,108.027,4830270000
USDJPY,20190716,0900,108.026,108.026,107.899,107.907,4989290000
USDJPY,20190716,1000,107.906,107.985,107.903,107.965,4358440000
USDJPY,20190716,1100,107.964,107.995,107.925,107.965,4369560000
USDJPY,20190716,1200,107.965,108.250,107.916,108.195,10920899999
USDJPY,20190716,1300,108.196,108.267,108.129,108.214,7820450000
USDJPY,20190716,1400,108.214,108.283,108.151,108.269,7525120000
USDJPY,20190716,1500,108.268,108.358,108.243,108.354,5120140000
USDJPY,20190716,1600,108.355,108.375,108.193,108.264,9126590001
USDJPY,20190716,1700,108.264,108.352,108.153,108.294,10837630002
USDJPY,20190716,1800,108.294,108.369,108.277,108.332,5638740000
USDJPY,20190716,1900,108.335,108.367,108.265,108.284,6033610004
USDJPY,20190716,2000,108.284,108.290,108.220,108.235,1855510000
USDJPY,20190716,2100,108.233,108.254,108.209,108.225,6832740000
USDJPY,20190716,2200,108.231,108.248,108.194,108.233,1665900000
USDJPY,20190716,2300,108.234,108.264,108.194,108.198,3109460000
USDJPY,20190717,0000,108.200,108.325,108.193,108.241,6220620000
USDJPY,20190717,0100,108.241,108.242,108.120,108.195,7730990000
USDJPY,20190717,0200,108.195,108.198,108.113,108.174,4458320000
USDJPY,20190717,0300,108.173,108.187,108.158,108.170,2636150000
USDJPY,20190717,0400,108.170,108.206,108.150,108.196,2466510000
USDJPY,20190717,0500,108.195,108.236,108.182,108.220,3253530000
USDJPY,20190717,0600,108.218,108.239,108.166,108.229,5210750000
USDJPY,20190717,0700,108.229,108.281,108.164,108.258,7055490000
USDJPY,20190717,0800,108.259,108.289,108.241,108.256,4917970000
USDJPY,20190717,0900,108.257,108.265,108.225,108.244,4138720000
USDJPY,20190717,1000,108.244,108.300,108.239,108.247,3460400000
USDJPY,20190717,1100,108.247,108.282,108.234,108.265,3059470000
USDJPY,20190717,1200,108.267,108.285,108.173,108.285,5701710000
USDJPY,20190717,1300,108.285,108.320,108.220,108.243,6794360000
USDJPY,20190717,1400,108.242,108.272,108.066,108.088,8499570000
USDJPY,20190717,1500,108.087,108.143,108.060,108.097,7264270001
USDJPY,20190717,1600,108.100,108.110,108.058,108.090,4977690000
USDJPY,20190717,1700,108.089,108.109,108.064,108.067,3253790000
USDJPY,20190717,1800,108.065,108.104,108.012,108.082,3908350000
USDJPY,20190717,1900,108.082,108.113,108.036,108.052,4833640000
USDJPY,20190717,2000,108.053,108.081,107.935,107.942,3212760000
USDJPY,20190717,2100,107.940,107.985,107.857,107.914,6555430000
USDJPY,20190717,2200,107.914,107.971,107.902,107.958,2438490000
USDJPY,20190717,2300,107.957,107.975,107.906,107.933,2851970000
USDJPY,20190718,0000,107.933,107.975,107.711,107.731,8899510000
USDJPY,20190718,0100,107.731,107.772,107.643,107.689,10243349999
USDJPY,20190718,0200,107.689,107.758,107.651,107.734,7264300000
USDJPY,20190718,0300,107.735,107.755,107.700,107.727,3487750000
USDJPY,20190718,0400,107.727,107.740,107.685,107.705,3433520000
USDJPY,20190718,0500,107.706,107.724,107.674,107.685,3951710000
USDJPY,20190718,0600,107.685,107.736,107.617,107.704,5900200000
USDJPY,20190718,0700,107.706,107.781,107.682,107.764,6671560000
USDJPY,20190718,0800,107.763,107.765,107.700,107.735,5536270000
USDJPY,20190718,0900,107.735,107.776,107.720,107.769,4265520000
USDJPY,20190718,1000,107.769,107.913,107.739,107.857,8483390000
USDJPY,20190718,1100,107.858,107.913,107.767,107.802,7066250000
USDJPY,20190718,1200,107.803,107.952,107.726,107.909,12049640002
USDJPY,20190718,1300,107.911,108.016,107.899,107.959,7916570000
USDJPY,20190718,1400,107.958,107.958,107.817,107.827,8520100000
USDJPY,20190718,1500,107.827,107.851,107.725,107.742,6317600000
USDJPY,20190718,1600,107.742,107.829,107.736,107.827,4069980000
USDJPY,20190718,1700,107.828,107.861,107.671,107.733,5048850000
USDJPY,20190718,1800,107.733,107.761,107.461,107.491,15639770000
USDJPY,20190718,1900,107.491,107.525,107.211,107.278,12817160000
USDJPY,20190718,2000,107.278,107.311,107.245,107.288,3432060000
USDJPY,20190718,2100,107.288,107.303,107.250,107.271,2848130000
USDJPY,20190718,2200,107.269,107.605,107.216,107.488,8030320000
USDJPY,20190718,2300,107.489,107.489,107.358,107.403,7088690000
USDJPY,20190719,0000,107.403,107.516,107.329,107.510,13946270001
USDJPY,20190719,0100,107.510,107.593,107.483,107.531,13471370000
USDJPY,20190719,0200,107.532,107.542,107.509,107.522,5015080000
USDJPY,20190719,0300,107.523,107.554,107.486,107.536,3884040000
USDJPY,20190719,0400,107.535,107.601,107.531,107.600,4499130000
USDJPY,20190719,0500,107.599,107.676,107.559,107.638,5627340000
USDJPY,20190719,0600,107.639,107.713,107.605,107.669,6938790000
USDJPY,20190719,0700,107.670,107.694,107.565,107.641,7334000000
USDJPY,20190719,0800,107.643,107.707,107.641,107.660,4126320000
USDJPY,20190719,0900,107.659,107.698,107.629,107.659,5726770000
USDJPY,20190719,1000,107.658,107.660,107.587,107.597,4755680000
USDJPY,20190719,1100,107.597,107.689,107.580,107.652,4615640000
USDJPY,20190719,1200,107.653,107.789,107.629,107.735,6666530000
USDJPY,20190719,1300,107.734,107.764,107.635,107.647,5987109999
USDJPY,20190719,1400,107.645,107.751,107.589,107.737,8995050000
USDJPY,20190719,1500,107.737,107.777,107.673,107.776,6980790000
USDJPY,20190719,1600,107.778,107.795,107.707,107.729,5090290000
USDJPY,20190719,1700,107.730,107.768,107.698,107.759,5993170000
USDJPY,20190719,1800,107.759,107.978,107.721,107.783,12626790001
USDJPY,20190719,1900,107.785,107.785,107.685,107.732,8249129997
USDJPY,20190719,2000,107.732,107.753,107.692,107.698,2355100000
USDJPY,20190721,2100,107.711,107.772,107.700,107.737,1170050000
USDJPY,20190721,2200,107.737,107.819,107.699,107.808,3877290000
USDJPY,20190721,2300,107.808,107.828,107.773,107.821,4318820002
USDJPY,20190722,0000,107.823,107.961,107.713,107.933,11794020003
USDJPY,20190722,0100,107.933,108.067,107.927,107.950,14164670003
USDJPY,20190722,0200,107.951,107.999,107.918,107.946,8302420006
USDJPY,20190722,0300,107.945,107.984,107.920,107.934,3985619999
USDJPY,20190722,0400,107.934,107.983,107.930,107.959,3150209999
USDJPY,20190722,0500,107.960,108.007,107.956,107.974,5717180002
USDJPY,20190722,0600,107.975,108.037,107.907,107.918,9583280012
USDJPY,20190722,0700,107.918,107.956,107.837,107.863,5877890000
USDJPY,20190722,0800,107.863,107.884,107.817,107.866,3610619996
USDJPY,20190722,0900,107.869,107.898,107.847,107.876,2638700001
USDJPY,20190722,1000,107.877,107.898,107.860,107.871,2973199999
USDJPY,20190722,1100,107.874,107.979,107.855,107.950,3518049999
USDJPY,20190722,1200,107.949,107.997,107.888,107.922,6680580000
USDJPY,20190722,1300,107.922,107.929,107.832,107.907,5506280001
USDJPY,20190722,1400,107.910,107.967,107.836,107.839,5314389999
USDJPY,20190722,1500,107.839,107.921,107.807,107.911,4448430002
USDJPY,20190722,1600,107.911,107.932,107.860,107.881,3252720002
USDJPY,20190722,1700,107.883,107.896,107.772,107.794,3109709997
USDJPY,20190722,1800,107.792,107.894,107.792,107.860,3208589999
USDJPY,20190722,1900,107.864,107.919,107.854,107.871,5836529996
USDJPY,20190722,2000,107.873,107.918,107.860,107.863,3523539999
USDJPY,20190722,2100,107.863,107.899,107.841,107.895,5349159999
USDJPY,20190722,2200,107.895,107.909,107.866,107.892,1588950000
USDJPY,20190722,2300,107.891,107.931,107.888,107.903,3573430000
USDJPY,20190723,0000,107.905,108.080,107.825,108.008,10516170002
USDJPY,20190723,0100,108.007,108.071,108.007,108.026,10087180006
USDJPY,20190723,0200,108.025,108.064,107.984,108.034,4862989998
USDJPY,20190723,0300,108.035,108.058,108.002,108.047,3365170000
USDJPY,20190723,0400,108.047,108.184,108.037,108.147,5196059997
USDJPY,20190723,0500,108.148,108.191,108.130,108.184,3529540003
USDJPY,20190723,0600,108.184,108.187,108.097,108.130,4520059998
USDJPY,20190723,0700,108.130,108.161,108.097,108.105,4780130002
USDJPY,20190723,0800,108.104,108.186,108.103,108.176,3749200002
USDJPY,20190723,0900,108.177,108.205,108.167,108.192,3648129997
USDJPY,20190723,1000,108.193,108.206,108.091,108.098,3518200005
USDJPY,20190723,1100,108.100,108.148,108.078,108.122,3556100002
USDJPY,20190723,1200,108.124,108.167,108.093,108.145,5468380000
USDJPY,20190723,1300,108.145,108.287,108.137,108.220,7347630000
USDJPY,20190723,1400,108.219,108.219,108.062,108.121,8143369996
USDJPY,20190723,1500,108.122,108.130,108.042,108.059,5361050000
USDJPY,20190723,1600,108.060,108.183,108.030,108.169,4170100010
USDJPY,20190723,1700,108.169,108.211,108.095,108.197,6077780009
USDJPY,20190723,1800,108.199,108.265,108.171,108.259,4874949999
USDJPY,20190723,1900,108.259,108.285,108.244,108.244,4124290000
USDJPY,20190723,2000,108.246,108.255,108.169,108.207,2476790000
USDJPY,20190723,2100,108.199,108.228,108.175,108.228,4583520000
USDJPY,20190723,2200,108.228,108.238,108.201,108.218,1172230000
USDJPY,20190723,2300,108.219,108.255,108.192,108.235,2313490000
USDJPY,20190724,0000,108.236,108.276,108.120,108.161,10208760039
USDJPY,20190724,0100,108.159,108.245,108.146,108.209,6288100000
USDJPY,20190724,0200,108.209,108.220,108.163,108.181,3688649999
USDJPY,20190724,0300,108.183,108.187,108.144,108.178,2711089997
USDJPY,20190724,0400,108.177,108.206,108.151,108.154,2910789986
USDJPY,20190724,0500,108.155,108.172,108.107,108.115,3151940006
USDJPY,20190724,0600,108.117,108.149,108.096,108.096,3735959998
USDJPY,20190724,0700,108.096,108.117,107.986,108.037,9273380004
USDJPY,20190724,0800,108.039,108.077,108.007,108.059,4689260004
USDJPY,20190724,0900,108.059,108.076,108.021,108.045,3630180005
USDJPY,20190724,1000,108.047,108.182,108.015,108.031,6272889997
USDJPY,20190724,1100,108.030,108.078,108.030,108.063,4463359998
USDJPY,20190724,1200,108.064,108.092,108.022,108.035,5683220010
USDJPY,20190724,1300,108.037,108.082,108.000,108.020,7672410000
USDJPY,20190724,1400,108.022,108.077,107.933,108.065,8217369985
USDJPY,20190724,1500,108.065,108.108,108.030,108.087,4036409998
USDJPY,20190724,1600,108.086,108.141,108.083,108.128,3135170002
USDJPY,20190724,1700,108.127,108.174,108.106,108.159,5504199998
USDJPY,20190724,1800,108.158,108.224,108.156,108.215,4112880002
USDJPY,20190724,1900,108.215,108.249,108.205,108.209,4397470000
USDJPY,20190724,2000,108.208,108.220,108.170,108.178,2723219999
USDJPY,20190724,2100,108.178,108.186,108.125,108.149,1949940000
USDJPY,20190724,2200,108.150,108.169,108.127,108.165,1048780000
USDJPY,20190724,2300,108.163,108.207,108.161,108.192,2604580000
USDJPY,20190725,0000,108.193,108.238,108.125,108.182,8441810002
USDJPY,20190725,0100,108.181,108.199,108.151,108.156,5653099999
USDJPY,20190725,0200,108.157,108.161,108.119,108.154,5324670002
USDJPY,20190725,0300,108.154,108.177,108.132,108.166,4058839999
USDJPY,20190725,0400,108.168,108.171,108.125,108.129,3252499997
USDJPY,20190725,0500,108.127,108.132,108.082,108.115,3116810001
USDJPY,20190725,0600,108.117,108.126,108.075,108.117,3553779998
USDJPY,20190725,0700,108.116,108.120,108.042,108.054,4786599996
USDJPY,20190725,0800,108.054,108.112,108.044,108.085,3962239999
USDJPY,20190725,0900,108.086,108.105,108.061,108.092,2694220008
USDJPY,20190725,1000,108.091,108.100,108.046,108.059,3415080000
USDJPY,20190725,1100,108.061,108.150,108.042,108.132,7746119996
USDJPY,20190725,1200,108.134,108.211,108.072,108.174,15209960000
USDJPY,20190725,1300,108.173,108.497,108.155,108.487,19949339999
USDJPY,20190725,1400,108.487,108.561,108.430,108.559,9757140002
USDJPY,20190725,1500,108.559,108.593,108.530,108.587,7357800000
USDJPY,20190725,1600,108.589,108.714,108.578,108.702,9517300001
USDJPY,20190725,1700,108.702,108.728,108.655,108.655,6325960000
USDJPY,20190725,1800,108.655,108.751,108.643,108.746,5262340001
USDJPY,20190725,1900,108.749,108.755,108.678,108.724,5283310000
USDJPY,20190725,2000,108.725,108.726,108.624,108.628,2552390000
USDJPY,20190725,2100,108.629,108.645,108.614,108.629,2389230000
USDJPY,20190725,2200,108.629,108.662,108.612,108.621,2400830000
USDJPY,20190725,2300,108.621,108.685,108.621,108.676,2838090000
USDJPY,20190726,0000,108.676,108.741,108.634,108.695,9350070000
USDJPY,20190726,0100,108.694,108.702,108.629,108.653,8337809996
USDJPY,20190726,0200,108.653,108.653,108.570,108.572,6204949996
USDJPY,20190726,0300,108.572,108.625,108.559,108.620,3203170004
USDJPY,20190726,0400,108.621,108.632,108.609,108.622,2602160000
USDJPY,20190726,0500,108.624,108.655,108.611,108.640,2825090000
USDJPY,20190726,0600,108.639,108.655,108.589,108.613,3792840001
USDJPY,20190726,0700,108.614,108.657,108.606,108.629,5692299999
USDJPY,20190726,0800,108.629,108.692,108.622,108.670,4443919998
USDJPY,20190726,0900,108.671,108.686,108.614,108.632,3057400000
USDJPY,20190726,1000,108.631,108.684,108.613,108.681,3507890000
USDJPY,20190726,1100,108.680,108.680,108.651,108.673,3401629990
USDJPY,20190726,1200,108.672,108.828,108.652,108.699,11892490001
USDJPY,20190726,1300,108.698,108.714,108.594,108.678,8687120005
USDJPY,20190726,1400,108.678,108.814,108.649,108.652,9901639998
USDJPY,20190726,1500,108.653,108.735,108.632,108.695,6957330000
USDJPY,20190726,1600,108.696,108.719,108.678,108.706,4490880000
USDJPY,20190726,1700,108.707,108.728,108.681,108.709,3110890004
USDJPY,20190726,1800,108.710,108.722,108.688,108.701,2971229990
USDJPY,20190726,1900,108.701,108.717,108.670,108.700,4245770000
USDJPY,20190726,2000,108.704,108.707,108.631,108.662,2516730001
USDJPY,20190728,2100,108.620,108.682,108.620,108.677,931320000
USDJPY,20190728,2200,108.678,108.695,108.622,108.646,1079630000
USDJPY,20190728,2300,108.645,108.652,108.589,108.636,2445979995
USDJPY,20190729,0000,108.635,108.648,108.441,108.464,5654319999
USDJPY,20190729,0100,108.463,108.479,108.420,108.476,4383989998
USDJPY,20190729,0200,108.475,108.519,108.472,108.517,2934749999
USDJPY,20190729,0300,108.518,108.575,108.506,108.551,2635630002
USDJPY,20190729,0400,108.550,108.602,108.550,108.581,2633170001
USDJPY,20190729,0500,108.581,108.617,108.560,108.616,2915279998
USDJPY,20190729,0600,108.615,108.671,108.604,108.623,4002200003
USDJPY,20190729,0700,108.623,108.673,108.600,108.651,3493199999
USDJPY,20190729,0800,108.651,108.677,108.612,108.648,3246820000
USDJPY,20190729,0900,108.648,108.648,108.598,108.630,2531259998
USDJPY,20190729,1000,108.632,108.667,108.618,108.626,2190940001
USDJPY,20190729,1100,108.626,108.648,108.597,108.637,3394660000
USDJPY,20190729,1200,108.638,108.694,108.638,108.654,4769679999
USDJPY,20190729,1300,108.654,108.677,108.624,108.644,6735440000
USDJPY,20190729,1400,108.644,108.832,108.629,108.830,8524379995
USDJPY,20190729,1500,108.829,108.899,108.824,108.851,6639670001
USDJPY,20190729,1600,108.851,108.877,108.812,108.850,3458970000
USDJPY,20190729,1700,108.849,108.869,108.792,108.809,4362719994
USDJPY,20190729,1800,108.810,108.879,108.768,108.791,5918180009
USDJPY,20190729,1900,108.792,108.813,108.759,108.788,5893950001
USDJPY,20190729,2000,108.787,108.796,108.760,108.776,2206039998
USDJPY,20190729,2100,108.778,108.838,108.769,108.820,7929490000
USDJPY,20190729,2200,108.821,108.834,108.797,108.823,1350220001
USDJPY,20190729,2300,108.822,108.888,108.819,108.855,2774020000
USDJPY,20190730,0000,108.855,108.948,108.832,108.835,7953509998
USDJPY,20190730,0100,108.836,108.866,108.760,108.805,8632259994
USDJPY,20190730,0200,108.806,108.821,108.661,108.719,6017710001
USDJPY,20190730,0300,108.719,108.763,108.632,108.639,8945249995
USDJPY,20190730,0400,108.639,108.673,108.562,108.597,7059740000
USDJPY,20190730,0500,108.595,108.633,108.579,108.620,7108570018
USDJPY,20190730,0600,108.620,108.651,108.568,108.637,7900589998
USDJPY,20190730,0700,108.635,108.701,108.620,108.640,7963339999
USDJPY,20190730,0800,108.642,108.647,108.557,108.568,6667980002
USDJPY,20190730,0900,108.567,108.590,108.527,108.588,6267780002
USDJPY,20190730,1000,108.588,108.623,108.510,108.616,5157330001
USDJPY,20190730,1100,108.616,108.616,108.453,108.507,7420519999
USDJPY,20190730,1200,108.506,108.589,108.452,108.545,12570800000
USDJPY,20190730,1300,108.545,108.630,108.511,108.562,11577879997
USDJPY,20190730,1400,108.566,108.673,108.564,108.642,9794999998
USDJPY,20190730,1500,108.643,108.703,108.611,108.655,7072869999
USDJPY,20190730,1600,108.655,108.696,108.620,108.620,5836710000
USDJPY,20190730,1700,108.621,108.642,108.597,108.624,3887520000
USDJPY,20190730,1800,108.626,108.635,108.562,108.593,4214879999
USDJPY,20190730,1900,108.594,108.604,108.545,108.598,4369860000
USDJPY,20190730,2000,108.597,108.631,108.581,108.591,2401670001
USDJPY,20190730,2100,108.577,108.619,108.561,108.584,6675220000
USDJPY,20190730,2200,108.585,108.608,108.574,108.597,1858380000
USDJPY,20190730,2300,108.597,108.605,108.555,108.565,2911040000
USDJPY,20190731,0000,108.563,108.643,108.501,108.640,9390120001
USDJPY,20190731,0100,108.641,108.651,108.524,108.543,11807330001
USDJPY,20190731,0200,108.542,108.563,108.503,108.554,6874299998
USDJPY,20190731,0300,108.554,108.606,108.536,108.569,6978240001
USDJPY,20190731,0400,108.569,108.587,108.522,108.535,5625639999
USDJPY,20190731,0500,108.537,108.564,108.522,108.561,7259330000
USDJPY,20190731,0600,108.561,108.575,108.509,108.538,8653020000
USDJPY,20190731,0700,108.539,108.582,108.515,108.554,6926519999
USDJPY,20190731,0800,108.555,108.580,108.533,108.569,5968199998
USDJPY,20190731,0900,108.570,108.576,108.545,108.553,6173369995
USDJPY,20190731,1000,108.554,108.581,108.530,108.562,4386390003
USDJPY,20190731,1100,108.562,108.585,108.551,108.564,3772080001
USDJPY,20190731,1200,108.566,108.625,108.556,108.558,6598430001
USDJPY,20190731,1300,108.557,108.656,108.540,108.593,9593380000
USDJPY,20190731,1400,108.593,108.608,108.490,108.571,10029959999
USDJPY,20190731,1500,108.574,108.644,108.541,108.585,9790350002
USDJPY,20190731,1600,108.587,108.655,108.563,108.591,5739390001
USDJPY,20190731,1700,108.591,108.600,108.516,108.525,6109260001
USDJPY,20190731,1800,108.528,108.997,108.509,108.780,37333050005
USDJPY,20190731,1900,108.779,108.901,108.677,108.786,27089860007
USDJPY,20190731,2000,108.784,108.824,108.746,108.748,3056220001
USDJPY,20190731,2100,108.747,108.772,108.699,108.770,1497879999
USDJPY,20190731,2200,108.771,108.780,108.705,108.737,3127510000
USDJPY,20190731,2300,108.738,108.844,108.738,108.817,6182109999
USDJPY,20190801,0000,108.819,109.318,108.811,109.255,21467590000
USDJPY,20190801,0100,109.254,109.289,109.167,109.210,15187530002
USDJPY,20190801,0200,109.209,109.229,109.118,109.142,8767400000
USDJPY,20190801,0300,109.141,109.249,109.135,109.237,6309540000
USDJPY,20190801,0400,109.237,109.241,109.170,109.182,5743440003
USDJPY,20190801,0500,109.182,109.217,109.161,109.181,5365490002
USDJPY,20190801,0600,109.181,109.254,109.157,109.180,8624070001
USDJPY,20190801,0700,109.177,109.201,109.100,109.138,9874620001
USDJPY,20190801,0800,109.139,109.156,109.076,109.081,6847470001
USDJPY,20190801,0900,109.082,109.091,109.020,109.082,7523510000
USDJPY,20190801,1000,109.082,109.100,108.927,108.984,8067539997
USDJPY,20190801,1100,108.984,109.012,108.872,108.927,10569089996
USDJPY,20190801,1200,108.927,108.929,108.610,108.643,14409250004
USDJPY,20190801,1300,108.644,108.654,108.457,108.501,16979010000
USDJPY,20190801,1400,108.501,108.501,108.155,108.182,20651649987
USDJPY,20190801,1500,108.182,108.327,108.180,108.289,13954029997
USDJPY,20190801,1600,108.289,108.300,108.068,108.134,8710269997
USDJPY,20190801,1700,108.134,108.163,107.254,107.453,31366050006
USDJPY,20190801,1800,107.454,107.567,107.324,107.334,30371429999
USDJPY,20190801,1900,107.334,107.525,107.271,107.281,25360820008
USDJPY,20190801,2000,107.284,107.572,107.284,107.328,8861380001
USDJPY,20190801,2100,107.328,107.366,107.219,107.326,6115860000
USDJPY,20190801,2200,107.322,107.567,107.278,107.514,7519120000
USDJPY,20190801,2300,107.514,107.517,107.346,107.441,8877489998
USDJPY,20190802,0000,107.442,107.494,107.046,107.122,25408990000
USDJPY,20190802,0100,107.122,107.161,106.851,107.129,27164040000
USDJPY,20190802,0200,107.128,107.156,106.980,107.062,19863540006
USDJPY,20190802,0300,107.062,107.097,107.021,107.045,10819160000
USDJPY,20190802,0400,107.045,107.075,106.944,107.065,11754019999
USDJPY,20190802,0500,107.066,107.128,107.066,107.115,12342629999
USDJPY,20190802,0600,107.114,107.155,106.925,106.940,14733790002
USDJPY,20190802,0700,106.939,107.004,106.832,106.914,26002269997
USDJPY,20190802,0800,106.914,106.974,106.860,106.931,17707530000
USDJPY,20190802,0900,106.930,106.930,106.788,106.892,17062270002
USDJPY,20190802,1000,106.892,106.956,106.822,106.867,15467490002
USDJPY,20190802,1100,106.868,106.876,106.811,106.836,10001499997
USDJPY,20190802,1200,106.836,107.055,106.607,107.010,30609129996
USDJPY,20190802,1300,107.010,107.282,106.642,106.761,38700039986
USDJPY,20190802,1400,106.764,106.821,106.541,106.544,27694020003
USDJPY,20190802,1500,106.545,106.715,106.545,106.641,20514099991
USDJPY,20190802,1600,106.639,106.726,106.585,106.612,12922299996
USDJPY,20190802,1700,106.612,106.612,106.508,106.566,10555310000
USDJPY,20190802,1800,106.565,106.605,106.510,106.567,12579690001
USDJPY,20190802,1900,106.570,106.655,106.526,106.601,13962940000
USDJPY,20190802,2000,106.602,106.635,106.546,106.550,4383920000
USDJPY,20190804,2100,106.549,106.615,106.545,106.552,1001830000
USDJPY,20190804,2200,106.557,106.681,106.527,106.633,6536950000
USDJPY,20190804,2300,106.632,106.633,106.538,106.566,8526540001
USDJPY,20190805,0000,106.568,106.623,106.272,106.323,22276990000
USDJPY,20190805,0100,106.324,106.422,105.798,106.095,33631959999
USDJPY,20190805,0200,106.094,106.138,105.871,105.990,29354640002
USDJPY,20190805,0300,105.993,106.011,105.785,105.979,12787619999
USDJPY,20190805,0400,105.978,106.083,105.972,106.036,8428890001
USDJPY,20190805,0500,106.036,106.066,105.869,105.967,9290420002
USDJPY,20190805,0600,105.968,106.015,105.812,105.933,17606380004
USDJPY,20190805,0700,105.932,106.022,105.901,105.942,22448449999
USDJPY,20190805,0800,105.943,106.048,105.838,105.945,18530220001
USDJPY,20190805,0900,105.944,106.351,105.898,106.148,18727299999
USDJPY,20190805,1000,106.147,106.170,105.949,106.106,10975229998
USDJPY,20190805,1100,106.103,106.177,105.998,106.087,15129149999
USDJPY,20190805,1200,106.085,106.236,106.052,106.095,13216980001
USDJPY,20190805,1300,106.096,106.167,106.010,106.114,14922389997
USDJPY,20190805,1400,106.052,106.105,105.915,106.069,21699619992
USDJPY,20190805,1500,106.070,106.219,106.034,106.040,17157329999
USDJPY,20190805,1600,106.039,106.142,105.901,105.903,16308270004
USDJPY,20190805,1700,105.901,106.118,105.899,106.039,13406780002
USDJPY,20190805,1800,106.038,106.094,105.941,106.021,13732550001
USDJPY,20190805,1900,106.020,106.221,105.923,106.157,20900170004
USDJPY,20190805,2000,106.157,106.203,105.940,105.940,4448050000
USDJPY,20190805,2100,105.938,105.999,105.616,105.633,7237250000
USDJPY,20190805,2200,105.634,105.741,105.519,105.663,11270109999
USDJPY,20190805,2300,105.663,105.725,105.546,105.607,12176860003
USDJPY,20190806,0000,105.608,105.869,105.567,105.847,21705270000
USDJPY,20190806,0100,105.847,106.386,105.840,106.221,30899820000
USDJPY,20190806,0200,106.217,106.243,106.081,106.158,14344750000
USDJPY,20190806,0300,106.159,106.513,106.125,106.499,13685140000
USDJPY,20190806,0400,106.502,107.087,106.498,106.683,22988110000
USDJPY,20190806,0500,106.683,106.751,106.637,106.671,15628619999
USDJPY,20190806,0600,106.671,106.671,106.407,106.503,18506129999
USDJPY,20190806,0700,106.504,106.643,106.347,106.350,22078099995
USDJPY,20190806,0800,106.372,106.510,106.333,106.415,15542860001
USDJPY,20190806,0900,106.417,106.434,106.366,106.390,10091710005
USDJPY,20190806,1000,106.389,106.412,106.313,106.339,8094160000
USDJPY,20190806,1100,106.338,106.626,106.300,106.548,12362770000
USDJPY,20190806,1200,106.547,106.589,106.366,106.413,13688030003
USDJPY,20190806,1300,106.412,106.636,106.377,106.523,21542270007
USDJPY,20190806,1400,106.521,106.575,106.373,106.405,21775519999
USDJPY,20190806,1500,106.405,106.463,106.245,106.447,15010160000
USDJPY,20190806,1600,106.448,106.477,106.367,106.414,11937540006
USDJPY,20190806,1700,106.416,106.472,106.364,106.462,9061650002
USDJPY,20190806,1800,106.462,106.624,106.414,106.521,11539200001
USDJPY,20190806,1900,106.521,106.588,106.485,106.545,11196480002
USDJPY,20190806,2000,106.543,106.546,106.445,106.474,4420640000
USDJPY,20190806,2100,106.473,106.474,106.390,106.434,3454160000
USDJPY,20190806,2200,106.437,106.458,106.366,106.383,3247110000
USDJPY,20190806,2300,106.384,106.417,106.275,106.325,8774610003
USDJPY,20190807,0000,106.325,106.376,106.067,106.257,17495889999
USDJPY,20190807,0100,106.257,106.341,106.106,106.223,22047550001
USDJPY,20190807,0200,106.221,106.221,105.997,106.103,18870350002
USDJPY,20190807,0300,106.102,106.117,105.931,106.061,13603270000
USDJPY,20190807,0400,106.061,106.153,106.051,106.094,7057840000
USDJPY,20190807,0500,106.094,106.262,106.093,106.201,10521310000
USDJPY,20190807,0600,106.201,106.322,106.187,106.302,10872200000
USDJPY,20190807,0700,106.301,106.305,106.187,106.298,11716670000
USDJPY,20190807,0800,106.298,106.313,106.205,106.230,10755200000
USDJPY,20190807,0900,106.230,106.287,106.219,106.264,10349520000
USDJPY,20190807,1000,106.264,106.285,106.207,106.210,8465869995
USDJPY,20190807,1100,106.209,106.242,105.833,105.877,12926690001
USDJPY,20190807,1200,105.877,106.102,105.705,105.824,24272820003
USDJPY,20190807,1300,105.824,105.883,105.591,105.690,27808310009
USDJPY,20190807,1400,105.690,105.947,105.628,105.756,29951410007
USDJPY,20190807,1500,105.758,105.845,105.563,105.625,24569880003
USDJPY,20190807,1600,105.626,105.824,105.495,105.813,20952769995
USDJPY,20190807,1700,105.814,106.075,105.784,106.003,19525400003
USDJPY,20190807,1800,106.003,106.203,105.918,106.108,22145560001
USDJPY,20190807,1900,106.108,106.262,106.031,106.228,18760560001
USDJPY,20190807,2000,106.230,106.271,106.179,106.266,5524770002
USDJPY,20190807,2100,106.265,106.271,106.192,106.217,12625859995
USDJPY,20190807,2200,106.216,106.230,106.075,106.117,3551530000
USDJPY,20190807,2300,106.117,106.231,106.076,106.110,8106920000
USDJPY,20190808,0000,106.110,106.149,106.004,106.024,14644169998
USDJPY,20190808,0100,106.024,106.299,105.997,106.295,23252280001
USDJPY,20190808,0200,106.295,106.301,106.123,106.144,12477439997
USDJPY,20190808,0300,106.145,106.262,106.141,106.236,10579019995
USDJPY,20190808,0400,106.237,106.237,106.141,106.154,6612190001
USDJPY,20190808,0500,106.152,106.181,106.109,106.131,6981250001
USDJPY,20190808,0600,106.131,106.184,106.022,106.157,10977840007
USDJPY,20190808,0700,106.156,106.200,106.059,106.100,9441540000
USDJPY,20190808,0800,106.102,106.129,106.024,106.125,8772770000
USDJPY,20190808,0900,106.125,106.146,106.076,106.107,7889909998
USDJPY,20190808,1000,106.106,106.135,106.072,106.091,6103770000
USDJPY,20190808,1100,106.091,106.094,105.907,105.987,9121410002
USDJPY,20190808,1200,105.986,106.129,105.956,106.102,13598169995
USDJPY,20190808,1300,106.102,106.216,106.006,106.116,23235830013
USDJPY,20190808,1400,106.115,106.233,105.991,106.219,16330250002
USDJPY,20190808,1500,106.219,106.219,106.033,106.049,11191950000
USDJPY,20190808,1600,106.049,106.219,105.986,106.215,7748820000
USDJPY,20190808,1700,106.214,106.240,106.074,106.104,10009529999
USDJPY,20190808,1800,106.104,106.107,105.894,105.967,15585570000
USDJPY,20190808,1900,105.969,106.017,105.897,106.004,9226780002
USDJPY,20190808,2000,106.004,106.077,105.987,106.072,2927839999
USDJPY,20190808,2100,106.063,106.091,105.718,105.859,8056579999
USDJPY,20190808,2200,105.859,105.896,105.763,105.842,6708580000
USDJPY,20190808,2300,105.842,105.889,105.767,105.883,5881410000
USDJPY,20190809,0000,105.885,105.986,105.865,105.958,11988879999
USDJPY,20190809,0100,105.958,106.032,105.890,105.990,11334289998
USDJPY,20190809,0200,105.991,106.077,105.982,106.011,5732540002
USDJPY,20190809,0300,106.011,106.033,105.977,105.991,5420790000
USDJPY,20190809,0400,105.991,106.005,105.972,105.991,4204210002
USDJPY,20190809,0500,105.991,105.995,105.902,105.907,4497530000
USDJPY,20190809,0600,105.906,105.936,105.831,105.896,7278199999
USDJPY,20190809,0700,105.894,105.976,105.885,105.948,8777860000
USDJPY,20190809,0800,105.948,105.970,105.906,105.906,7378790003
USDJPY,20190809,0900,105.905,105.907,105.797,105.827,6898220001
USDJPY,20190809,1000,105.827,105.890,105.762,105.762,6612160005
USDJPY,20190809,1100,105.764,105.792,105.657,105.775,7460880003
USDJPY,20190809,1200,105.773,105.853,105.698,105.724,10784050000
USDJPY,20190809,1300,105.723,105.828,105.670,105.799,11273150000
USDJPY,20190809,1400,105.797,105.840,105.567,105.662,22160370000
USDJPY,20190809,1500,105.665,105.678,105.296,105.296,15800370001
USDJPY,20190809,1600,105.301,105.633,105.268,105.538,15502540000
USDJPY,20190809,1700,105.541,105.662,105.510,105.570,11152429999
USDJPY,20190809,1800,105.571,105.603,105.524,105.573,6263160000
USDJPY,20190809,1900,105.575,105.647,105.564,105.601,7378130000
USDJPY,20190809,2000,105.603,105.696,105.578,105.638,2342650000
USDJPY,20190811,2100,105.545,105.644,105.529,105.612,1785910000
USDJPY,20190811,2200,105.613,105.691,105.603,105.626,3450260000
USDJPY,20190811,2300,105.627,105.633,105.311,105.389,6561269999
USDJPY,20190812,0000,105.389,105.487,105.365,105.408,8359180000
USDJPY,20190812,0100,105.408,105.562,105.408,105.502,12424439998
USDJPY,20190812,0200,105.503,105.513,105.439,105.463,7437250000
USDJPY,20190812,0300,105.462,105.483,105.445,105.455,6568960000
USDJPY,20190812,0400,105.455,105.461,105.377,105.408,7048920000
USDJPY,20190812,0500,105.406,105.439,105.377,105.423,5372570000
USDJPY,20190812,0600,105.422,105.441,105.379,105.407,6302469997
USDJPY,20190812,0700,105.408,105.578,105.407,105.488,12381949997
USDJPY,20190812,0800,105.488,105.491,105.235,105.277,14951450000
USDJPY,20190812,0900,105.278,105.280,105.149,105.171,10347620001
USDJPY,20190812,1000,105.173,105.241,105.115,105.126,9491159998
USDJPY,20190812,1100,105.126,105.165,105.049,105.134,8535850003
USDJPY,20190812,1200,105.134,105.233,105.115,105.209,11556650002
USDJPY,20190812,1300,105.208,105.330,105.166,105.318,15471640009
USDJPY,20190812,1400,105.317,105.441,105.273,105.302,16781700006
USDJPY,20190812,1500,105.301,105.409,105.228,105.396,13640630012
USDJPY,20190812,1600,105.396,105.418,105.300,105.331,9622540003
USDJPY,20190812,1700,105.331,105.363,105.290,105.317,8694659998
USDJPY,20190812,1800,105.320,105.344,105.181,105.278,11219460014
USDJPY,20190812,1900,105.277,105.356,105.274,105.314,9887100015
USDJPY,20190812,2000,105.313,105.328,105.258,105.295,3098650000
USDJPY,20190812,2100,105.294,105.294,105.157,105.212,10746250000
USDJPY,20190812,2200,105.211,105.299,105.193,105.279,4293960000
USDJPY,20190812,2300,105.279,105.386,105.239,105.382,4569680002
USDJPY,20190813,0000,105.382,105.467,105.312,105.391,13604420002
USDJPY,20190813,0100,105.391,105.437,105.327,105.337,13858990002
USDJPY,20190813,0200,105.335,105.581,105.321,105.513,10895080006
USDJPY,20190813,0300,105.512,105.518,105.421,105.467,8604469997
USDJPY,20190813,0400,105.467,105.511,105.415,105.426,6555250003
USDJPY,20190813,0500,105.427,105.434,105.357,105.385,6947580007
USDJPY,20190813,0600,105.385,105.428,105.251,105.289,11773279991
USDJPY,20190813,0700,105.289,105.357,105.126,105.193,12654000008
USDJPY,20190813,0800,105.192,105.336,105.191,105.295,10162430000
USDJPY,20190813,0900,105.295,105.296,105.105,105.137,11651350002
USDJPY,20190813,1000,105.137,105.216,105.065,105.214,12216590006
USDJPY,20190813,1100,105.215,105.253,105.118,105.210,8237130005
USDJPY,20190813,1200,105.210,105.387,105.152,105.207,15672110008
USDJPY,20190813,1300,105.207,106.670,105.192,106.546,28344929989
USDJPY,20190813,1400,106.546,106.973,106.272,106.633,28970719996
USDJPY,20190813,1500,106.633,106.644,106.364,106.603,21064410005
USDJPY,20190813,1600,106.604,106.682,106.515,106.565,13899180002
USDJPY,20190813,1700,106.566,106.681,106.409,106.611,16967070004
USDJPY,20190813,1800,106.610,106.683,106.578,106.679,10102260000
USDJPY,20190813,1900,106.680,106.711,106.615,106.688,8248110000
USDJPY,20190813,2000,106.686,106.745,106.641,106.744,4122000000
USDJPY,20190813,2100,106.744,106.767,106.691,106.732,3993750000
USDJPY,20190813,2200,106.733,106.733,106.606,106.613,3819700000
USDJPY,20190813,2300,106.614,106.674,106.593,106.602,6985899999
USDJPY,20190814,0000,106.603,106.611,106.285,106.321,14589110005
USDJPY,20190814,0100,106.321,106.495,106.320,106.409,15303500014
USDJPY,20190814,0200,106.409,106.409,106.237,106.288,11745859994
USDJPY,20190814,0300,106.288,106.373,106.280,106.362,8569890010
USDJPY,20190814,0400,106.362,106.624,106.341,106.554,7990660001
USDJPY,20190814,0500,106.554,106.569,106.426,106.441,6231340002
USDJPY,20190814,0600,106.442,106.466,106.361,106.389,9163920001
USDJPY,20190814,0700,106.388,106.443,106.312,106.443,10947630000
USDJPY,20190814,0800,106.443,106.468,106.369,106.442,9655630004
USDJPY,20190814,0900,106.442,106.459,106.358,106.362,8099210000
USDJPY,20190814,1000,106.359,106.363,106.111,106.134,13833789991
USDJPY,20190814,1100,106.133,106.206,105.776,105.862,18922950002
USDJPY,20190814,1200,105.863,106.022,105.777,106.005,20919840002
USDJPY,20190814,1300,106.004,106.113,105.868,106.109,25813029996
USDJPY,20190814,1400,106.110,106.110,105.781,105.802,22303070008
USDJPY,20190814,1500,105.806,105.867,105.650,105.797,16476249998
USDJPY,20190814,1600,105.797,105.900,105.723,105.759,14832109999
USDJPY,20190814,1700,105.758,105.986,105.731,105.969,15466099997
USDJPY,20190814,1800,105.967,105.981,105.838,105.880,14216740003
USDJPY,20190814,1900,105.879,106.066,105.871,105.995,17933659995
USDJPY,20190814,2000,105.995,106.007,105.894,105.907,3867280000
USDJPY,20190814,2100,105.914,105.919,105.721,105.759,6214460002
USDJPY,20190814,2200,105.764,105.865,105.753,105.793,4221510000
USDJPY,20190814,2300,105.792,105.934,105.792,105.913,4992600003
USDJPY,20190815,0000,105.913,106.032,105.845,105.959,12896330001
USDJPY,20190815,0100,105.961,105.975,105.812,105.941,15998790000
USDJPY,20190815,0200,105.941,105.976,105.887,105.916,9931810004
USDJPY,20190815,0300,105.917,105.956,105.883,105.892,7976730002
USDJPY,20190815,0400,105.895,105.912,105.829,105.902,10142149991
USDJPY,20190815,0500,105.902,105.945,105.868,105.909,7088080004
USDJPY,20190815,0600,105.910,106.777,105.893,106.324,17051280001
USDJPY,20190815,0700,106.322,106.360,106.136,106.249,18491850000
USDJPY,20190815,0800,106.249,106.253,106.065,106.071,12130470000
USDJPY,20190815,0900,106.069,106.090,105.805,105.921,17615950002
USDJPY,20190815,1000,105.920,105.932,105.702,105.762,14886790000
USDJPY,20190815,1100,105.761,106.342,105.748,106.109,18576320000
USDJPY,20190815,1200,106.109,106.348,106.097,106.199,27284110001
USDJPY,20190815,1300,106.198,106.292,106.006,106.267,31526319995
USDJPY,20190815,1400,106.266,106.290,106.126,106.152,26162150002
USDJPY,20190815,1500,106.152,106.191,106.093,106.122,17658050003
USDJPY,20190815,1600,106.120,106.121,106.053,106.111,10452139990
USDJPY,20190815,1700,106.109,106.165,105.801,105.901,13900460000
USDJPY,20190815,1800,105.903,106.175,105.861,106.106,22178830003
USDJPY,20190815,1900,106.106,106.172,105.999,106.039,16084900000
USDJPY,20190815,2000,106.038,106.132,105.982,106.122,3203230001
USDJPY,20190815,2100,106.118,106.167,106.018,106.110,4209030000
USDJPY,20190815,2200,106.110,106.161,106.101,106.130,2731210000
USDJPY,20190815,2300,106.129,106.151,106.082,106.092,4351910000
USDJPY,20190816,0000,106.092,106.121,106.025,106.106,10619930001
USDJPY,20190816,0100,106.106,106.179,106.090,106.141,9997550000
USDJPY,20190816,0200,106.143,106.273,106.135,106.188,10108769999
USDJPY,20190816,0300,106.181,106.239,106.159,106.211,7220070002
USDJPY,20190816,0400,106.210,106.230,106.106,106.120,6805440001
USDJPY,20190816,0500,106.121,106.168,106.090,106.104,6418300001
USDJPY,20190816,0600,106.104,106.164,106.074,106.139,12134299993
USDJPY,20190816,0700,106.138,106.215,106.120,106.159,14719519999
USDJPY,20190816,0800,106.158,106.363,106.139,106.309,11553640003
USDJPY,20190816,0900,106.308,106.494,106.286,106.432,15076250003
USDJPY,20190816,1000,106.430,106.457,106.330,106.365,9527900000
USDJPY,20190816,1100,106.367,106.407,106.277,106.282,10440090000
USDJPY,20190816,1200,106.282,106.429,106.266,106.396,12686140001
USDJPY,20190816,1300,106.396,106.396,106.249,106.260,13066510000
USDJPY,20190816,1400,106.260,106.428,106.205,106.388,22558600000
USDJPY,20190816,1500,106.386,106.398,106.292,106.343,12801250002
USDJPY,20190816,1600,106.345,106.347,106.247,106.280,7861910003
USDJPY,20190816,1700,106.279,106.307,106.249,106.286,5932709998
USDJPY,20190816,1800,106.286,106.295,106.190,106.284,6014649999
USDJPY,20190816,1900,106.285,106.348,106.259,106.306,7367109990
USDJPY,20190816,2000,106.308,106.383,106.305,106.358,3694510015
USDJPY,20190818,2100,106.245,106.343,106.245,106.307,525320001
USDJPY,20190818,2200,106.319,106.472,106.307,106.466,3061360000
USDJPY,20190818,2300,106.466,106.469,106.420,106.433,3923400000
USDJPY,20190819,0000,106.431,106.432,106.334,106.357,11049100000
USDJPY,20190819,0100,106.357,106.432,106.251,106.271,10199539998
USDJPY,20190819,0200,106.271,106.360,106.245,106.319,8329129985
USDJPY,20190819,0300,106.320,106.392,106.304,106.360,6236650009
USDJPY,20190819,0400,106.360,106.381,106.336,106.347,5142410005
USDJPY,20190819,0500,106.348,106.415,106.319,106.388,9534599976
USDJPY,20190819,0600,106.388,106.415,106.361,106.379,12401449992
USDJPY,20190819,0700,106.378,106.431,106.343,106.400,14568690004
USDJPY,20190819,0800,106.401,106.662,106.396,106.582,14428740006
USDJPY,20190819,0900,106.581,106.612,106.533,106.542,9134380001
USDJPY,20190819,1000,106.542,106.618,106.529,106.583,10974569997
USDJPY,20190819,1100,106.583,106.696,106.561,106.611,12140550001
USDJPY,20190819,1200,106.611,106.638,106.536,106.626,9112390001
USDJPY,20190819,1300,106.627,106.658,106.546,106.561,10512390004
USDJPY,20190819,1400,106.561,106.563,106.457,106.482,11701910000
USDJPY,20190819,1500,106.481,106.557,106.480,106.502,8043740001
USDJPY,20190819,1600,106.502,106.545,106.479,106.539,5253310006
USDJPY,20190819,1700,106.540,106.563,106.518,106.547,4371579999
USDJPY,20190819,1800,106.545,106.642,106.543,106.625,7636059996
USDJPY,20190819,1900,106.625,106.665,106.611,106.642,6004919999
USDJPY,20190819,2000,106.645,106.669,106.599,106.631,3472070001
USDJPY,20190819,2100,106.629,106.632,106.578,106.596,3206690000
USDJPY,20190819,2200,106.596,106.647,106.558,106.613,3020140000
USDJPY,20190819,2300,106.613,106.632,106.560,106.565,3508550000
USDJPY,20190820,0000,106.566,106.691,106.511,106.620,11570159996
USDJPY,20190820,0100,106.621,106.627,106.556,106.593,9040310003
USDJPY,20190820,0200,106.595,106.629,106.557,106.569,7782000004
USDJPY,20190820,0300,106.569,106.592,106.522,106.589,6447049999
USDJPY,20190820,0400,106.590,106.590,106.547,106.560,3950330002
USDJPY,20190820,0500,106.560,106.583,106.529,106.544,5404449997
USDJPY,20190820,0600,106.544,106.551,106.428,106.494,9485910000
USDJPY,20190820,0700,106.494,106.494,106.391,106.463,11373709998
USDJPY,20190820,0800,106.462,106.469,106.396,106.425,9096649998
USDJPY,20190820,0900,106.426,106.437,106.298,106.325,10093709999
USDJPY,20190820,1000,106.326,106.379,106.304,106.322,8287780007
USDJPY,20190820,1100,106.322,106.356,106.299,106.347,8231199997
USDJPY,20190820,1200,106.347,106.399,106.234,106.270,10157950000
USDJPY,20190820,1300,106.271,106.444,106.161,106.298,18363039998
USDJPY,20190820,1400,106.298,106.466,106.279,106.309,15018280007
USDJPY,20190820,1500,106.308,106.386,106.301,106.352,8436080000
USDJPY,20190820,1600,106.353,106.373,106.301,106.312,4584370000
USDJPY,20190820,1700,106.312,106.325,106.251,106.280,6183220020
USDJPY,20190820,1800,106.280,106.356,106.248,106.312,8084530003
USDJPY,20190820,1900,106.312,106.319,106.199,106.202,5346099998
USDJPY,20190820,2000,106.201,106.256,106.193,106.223,2656889999
USDJPY,20190820,2100,106.223,106.275,106.213,106.244,3733230000
USDJPY,20190820,2200,106.244,106.287,106.232,106.273,3703060000
USDJPY,20190820,2300,106.275,106.290,106.247,106.272,2272340000
USDJPY,20190821,0000,106.273,106.390,106.273,106.328,8395149992
USDJPY,20190821,0100,106.327,106.437,106.323,106.416,7133649997
USDJPY,20190821,0200,106.416,106.502,106.414,106.487,7433350001
USDJPY,20190821,0300,106.488,106.551,106.467,106.481,5384439999
USDJPY,20190821,0400,106.480,106.487,106.453,106.465,3887129995
USDJPY,20190821,0500,106.465,106.529,106.456,106.516,4199680005
USDJPY,20190821,0600,106.516,106.584,106.462,106.565,7350010003
USDJPY,20190821,0700,106.564,106.599,106.537,106.548,8710330002
USDJPY,20190821,0800,106.548,106.558,106.506,106.531,7308770001
USDJPY,20190821,0900,106.532,106.536,106.469,106.483,6983980000
USDJPY,20190821,1000,106.482,106.486,106.419,106.446,6324750000
USDJPY,20190821,1100,106.446,106.498,106.420,106.498,4933050002
USDJPY,20190821,1200,106.497,106.511,106.433,106.470,6918550005
USDJPY,20190821,1300,106.470,106.474,106.407,106.415,6200159998
USDJPY,20190821,1400,106.414,106.480,106.347,106.466,9164389999
USDJPY,20190821,1500,106.467,106.595,106.436,106.533,7484389991
USDJPY,20190821,1600,106.533,106.556,106.449,106.450,6753619997
USDJPY,20190821,1700,106.450,106.531,106.441,106.525,4815210004
USDJPY,20190821,1800,106.524,106.608,106.415,106.586,12032590000
USDJPY,20190821,1900,106.586,106.646,106.573,106.625,8206400001
USDJPY,20190821,2000,106.628,106.643,106.576,106.610,2704430001
USDJPY,20190821,2100,106.605,106.630,106.577,106.583,1616980000
USDJPY,20190821,2200,106.583,106.598,106.553,106.579,2550870000
USDJPY,20190821,2300,106.577,106.613,106.576,106.601,2895020000
USDJPY,20190822,0000,106.601,106.653,106.548,106.597,6778439998
USDJPY,20190822,0100,106.597,106.597,106.456,106.476,7096130001
USDJPY,20190822,0200,106.475,106.492,106.421,106.421,5552900001
USDJPY,20190822,0300,106.420,106.462,106.402,106.448,4222840000
USDJPY,20190822,0400,106.447,106.490,106.423,106.443,3373360001
USDJPY,20190822,0500,106.444,106.453,106.407,106.431,4358510000
USDJPY,20190822,0600,106.432,106.433,106.293,106.336,8129110002
USDJPY,20190822,0700,106.337,106.479,106.326,106.442,16551680000
USDJPY,20190822,0800,106.442,106.459,106.356,106.397,10090680004
USDJPY,20190822,0900,106.396,106.403,106.251,106.372,11308679999
USDJPY,20190822,1000,106.372,106.448,106.348,106.448,7747800001
USDJPY,20190822,1100,106.449,106.594,106.421,106.582,10785270002
USDJPY,20190822,1200,106.582,106.638,106.492,106.581,11593250000
USDJPY,20190822,1300,106.581,106.585,106.318,106.395,14294390004
USDJPY,20190822,1400,106.396,106.546,106.359,106.475,18559309997
USDJPY,20190822,1500,106.475,106.513,106.433,106.447,9775180013
USDJPY,20190822,1600,106.449,106.502,106.438,106.439,5331070001
USDJPY,20190822,1700,106.440,106.452,106.371,106.396,5078960001
USDJPY,20190822,1800,106.397,106.419,106.360,106.410,5685780000
USDJPY,20190822,1900,106.414,106.426,106.377,106.401,5938969999
USDJPY,20190822,2000,106.400,106.446,106.398,106.431,3592140000
USDJPY,20190822,2100,106.426,106.436,106.391,106.415,4213880000
USDJPY,20190822,2200,106.415,106.453,106.407,106.440,1632730000
USDJPY,20190822,2300,106.441,106.489,106.427,106.480,3390280000
USDJPY,20190823,0000,106.479,106.620,106.468,106.577,7709629988
USDJPY,20190823,0100,106.577,106.598,106.532,106.562,8435490000
USDJPY,20190823,0200,106.562,106.571,106.483,106.554,4918560001
USDJPY,20190823,0300,106.554,106.588,106.547,106.567,3694719999
USDJPY,20190823,0400,106.566,106.605,106.560,106.594,3133720000
USDJPY,20190823,0500,106.593,106.652,106.567,106.628,4457659997
USDJPY,20190823,0600,106.628,106.656,106.602,106.607,5707690004
USDJPY,20190823,0700,106.607,106.672,106.566,106.639,8929470000
USDJPY,20190823,0800,106.640,106.640,106.583,106.621,5354440002
USDJPY,20190823,0900,106.621,106.662,106.608,106.637,5885309991
USDJPY,20190823,1000,106.638,106.650,106.594,106.637,4777429999
USDJPY,20190823,1100,106.638,106.734,106.628,106.730,5179129999
USDJPY,20190823,1200,106.731,106.731,106.387,106.505,25601440003
USDJPY,20190823,1300,106.505,106.532,106.423,106.512,13283910010
USDJPY,20190823,1400,106.512,106.630,105.982,105.999,28115100002
USDJPY,20190823,1500,105.908,105.946,105.293,105.293,35087529998
USDJPY,20190823,1600,105.296,105.575,105.284,105.409,18107370001
USDJPY,20190823,1700,105.406,105.425,105.269,105.387,16247810000
USDJPY,20190823,1800,105.389,105.395,105.254,105.288,12662190000
USDJPY,20190823,1900,105.288,105.372,105.278,105.340,14156030000
USDJPY,20190823,2000,105.342,105.502,105.281,105.363,4496490000
USDJPY,20190825,2100,104.947,105.002,104.763,104.807,1355380000
USDJPY,20190825,2200,104.803,104.906,104.453,104.867,18069790001
USDJPY,20190825,2300,104.869,104.986,104.814,104.846,11644900001
USDJPY,20190826,0000,104.848,105.212,104.846,105.124,22675140001
USDJPY,20190826,0100,105.127,105.370,105.127,105.249,19406669999
USDJPY,20190826,0200,105.248,105.799,105.224,105.490,15313339998
USDJPY,20190826,0300,105.489,105.504,105.374,105.447,13704680000
USDJPY,20190826,0400,105.448,105.450,105.258,105.279,16237779998
USDJPY,20190826,0500,105.279,105.328,105.185,105.248,21395460001
USDJPY,20190826,0600,105.248,105.766,105.159,105.637,16867859999
USDJPY,20190826,0700,105.635,105.955,105.514,105.738,31840270000
USDJPY,20190826,0800,105.738,105.992,105.689,105.907,17664820005
USDJPY,20190826,0900,105.906,105.987,105.667,105.760,16707540001
USDJPY,20190826,1000,105.759,105.898,105.741,105.820,14023880000
USDJPY,20190826,1100,105.820,105.935,105.801,105.884,11632600000
USDJPY,20190826,1200,105.882,106.413,105.826,106.162,14190039999
USDJPY,20190826,1300,106.161,106.166,105.923,105.999,25186610000
USDJPY,20190826,1400,105.998,106.092,105.923,105.969,22367780001
USDJPY,20190826,1500,105.970,106.036,105.943,106.001,17066430002
USDJPY,20190826,1600,106.002,106.160,105.957,106.121,9567389998
USDJPY,20190826,1700,106.121,106.298,106.121,106.146,7921419998
USDJPY,20190826,1800,106.147,106.192,106.055,106.192,7769910000
USDJPY,20190826,1900,106.190,106.203,106.111,106.142,6619840000
USDJPY,20190826,2000,106.141,106.163,106.049,106.080,3698180000
USDJPY,20190826,2100,106.085,106.144,106.067,106.123,7050230000
USDJPY,20190826,2200,106.124,106.151,106.087,106.098,2233290000
USDJPY,20190826,2300,106.097,106.123,105.965,105.966,3846790000
USDJPY,20190827,0000,105.966,106.002,105.802,105.841,10617139997
USDJPY,20190827,0100,105.841,105.947,105.821,105.844,14033560002
USDJPY,20190827,0200,105.844,105.844,105.681,105.743,9802819999
USDJPY,20190827,0300,105.743,105.755,105.657,105.665,5153480002
USDJPY,20190827,0400,105.666,105.756,105.652,105.743,5024220003
USDJPY,20190827,0500,105.742,105.759,105.657,105.693,7600180008
USDJPY,20190827,0600,105.692,105.739,105.595,105.652,12917650000
USDJPY,20190827,0700,105.652,105.741,105.590,105.738,15873039999
USDJPY,20190827,0800,105.738,105.847,105.716,105.778,12640430000
USDJPY,20190827,0900,105.778,105.994,105.717,105.749,16750700005
USDJPY,20190827,1000,105.750,105.850,105.749,105.809,10327510002
USDJPY,20190827,1100,105.809,105.819,105.692,105.751,9274010000
USDJPY,20190827,1200,105.751,105.865,105.715,105.853,10227070011
USDJPY,20190827,1300,105.854,106.052,105.809,105.991,14889329975
USDJPY,20190827,1400,105.988,106.069,105.882,105.901,14745979995
USDJPY,20190827,1500,105.903,105.961,105.803,105.806,12120760000
USDJPY,20190827,1600,105.806,105.813,105.657,105.732,10703060001
USDJPY,20190827,1700,105.730,105.802,105.715,105.773,7143320004
USDJPY,20190827,1800,105.773,105.827,105.742,105.772,6308410000
USDJPY,20190827,1900,105.774,105.825,105.728,105.740,7533320010
USDJPY,20190827,2000,105.739,105.784,105.727,105.738,3228100000
USDJPY,20190827,2100,105.739,105.753,105.707,105.750,2348270000
USDJPY,20190827,2200,105.749,105.795,105.737,105.765,2728490000
USDJPY,20190827,2300,105.766,105.777,105.696,105.749,3372050000
USDJPY,20190828,0000,105.748,105.792,105.651,105.758,10378580001
USDJPY,20190828,0100,105.757,105.888,105.729,105.773,12231330003
USDJPY,20190828,0200,105.772,105.855,105.765,105.829,10530730001
USDJPY,20190828,0300,105.829,105.892,105.806,105.850,6749610003
USDJPY,20190828,0400,105.849,105.878,105.812,105.849,3847960000
USDJPY,20190828,0500,105.849,105.882,105.826,105.841,5256280001
USDJPY,20190828,0600,105.841,105.846,105.787,105.817,6561780001
USDJPY,20190828,0700,105.816,105.816,105.708,105.742,11724080000
USDJPY,20190828,0800,105.740,105.871,105.657,105.765,16706609998
USDJPY,20190828,0900,105.766,105.844,105.727,105.794,12603270003
USDJPY,20190828,1000,105.792,105.823,105.728,105.741,9246360000
USDJPY,20190828,1100,105.742,105.785,105.692,105.718,10294660002
USDJPY,20190828,1200,105.718,105.801,105.658,105.772,11021110003
USDJPY,20190828,1300,105.772,105.873,105.656,105.842,16853739995
USDJPY,20190828,1400,105.842,105.949,105.812,105.895,17523650003
USDJPY,20190828,1500,105.895,105.909,105.832,105.869,11100470000
USDJPY,20190828,1600,105.870,105.967,105.864,105.963,5633890000
USDJPY,20190828,1700,105.962,106.006,105.922,105.979,7765320001
USDJPY,20190828,1800,105.978,106.068,105.967,106.026,4671900000
USDJPY,20190828,1900,106.025,106.229,106.024,106.176,7542750002
USDJPY,20190828,2000,106.176,106.205,106.015,106.118,4026110003
USDJPY,20190828,2100,106.108,106.118,105.965,105.986,3434510000
USDJPY,20190828,2200,105.988,106.028,105.980,106.006,3133410000
USDJPY,20190828,2300,106.007,106.083,105.959,106.081,5168380000
USDJPY,20190829,0000,106.079,106.123,105.940,105.990,8989490000
USDJPY,20190829,0100,105.990,106.021,105.854,105.865,11972620001
USDJPY,20190829,0200,105.871,105.910,105.829,105.908,7405169990
USDJPY,20190829,0300,105.909,105.948,105.858,105.902,4589900000
USDJPY,20190829,0400,105.902,105.932,105.881,105.914,4386630001
USDJPY,20190829,0500,105.914,105.931,105.854,105.870,5424309999
USDJPY,20190829,0600,105.873,105.936,105.861,105.898,7119380001
USDJPY,20190829,0700,105.897,106.171,105.863,106.105,21924749999
USDJPY,20190829,0800,106.104,106.286,106.068,106.273,13772440003
USDJPY,20190829,0900,106.272,106.358,106.216,106.231,11868219999
USDJPY,20190829,1000,106.232,106.294,106.193,106.261,8235920001
USDJPY,20190829,1100,106.261,106.305,106.220,106.255,7835960000
USDJPY,20190829,1200,106.256,106.405,106.190,106.266,11425090003
USDJPY,20190829,1300,106.266,106.462,106.211,106.436,15568090000
USDJPY,20190829,1400,106.436,106.462,106.317,106.438,16110220002
USDJPY,20190829,1500,106.438,106.558,106.418,106.497,11351600001
USDJPY,20190829,1600,106.500,106.593,106.462,106.565,8269099996
USDJPY,20190829,1700,106.566,106.612,106.520,106.574,8782510036
USDJPY,20190829,1800,106.576,106.681,106.575,106.632,8302729999
USDJPY,20190829,1900,106.633,106.645,106.485,106.502,6364940001
USDJPY,20190829,2000,106.502,106.532,106.471,106.516,3520140003
USDJPY,20190829,2100,106.503,106.521,106.473,106.505,1600250000
USDJPY,20190829,2200,106.503,106.538,106.492,106.499,2304630000
USDJPY,20190829,2300,106.502,106.543,106.428,106.458,3953210000
USDJPY,20190830,0000,106.458,106.544,106.402,106.456,12380890005
USDJPY,20190830,0100,106.456,106.474,106.381,106.422,10896420006
USDJPY,20190830,0200,106.425,106.531,106.421,106.509,7421469998
USDJPY,20190830,0300,106.509,106.515,106.468,106.487,5054570000
USDJPY,20190830,0400,106.487,106.491,106.390,106.398,4062490002
USDJPY,20190830,0500,106.397,106.411,106.341,106.369,7531520000
USDJPY,20190830,0600,106.371,106.419,106.287,106.382,11861640002
USDJPY,20190830,0700,106.381,106.538,106.330,106.510,16304040000
USDJPY,20190830,0800,106.510,106.531,106.375,106.411,9698859999
USDJPY,20190830,0900,106.410,106.443,106.386,106.421,8772609999
USDJPY,20190830,1000,106.420,106.427,106.378,106.403,5970349999
USDJPY,20190830,1100,106.401,106.401,106.301,106.322,8324180004
USDJPY,20190830,1200,106.322,106.324,106.174,106.188,11389670000
USDJPY,20190830,1300,106.187,106.216,106.131,106.169,10607740000
USDJPY,20190830,1400,106.168,106.213,106.103,106.141,13881110001
USDJPY,20190830,1500,106.142,106.326,106.107,106.293,14335529995
USDJPY,20190830,1600,106.293,106.373,106.273,106.361,5091890002
USDJPY,20190830,1700,106.359,106.430,106.340,106.371,8138419998
USDJPY,20190830,1800,106.372,106.385,106.235,106.251,6726220001
USDJPY,20190830,1900,106.256,106.297,106.227,106.236,6379310003
USDJPY,20190830,2000,106.237,106.299,106.201,106.228,2778429997
USDJPY,20190901,2100,106.061,106.080,105.959,105.967,727780000
USDJPY,20190901,2200,105.959,106.167,105.915,106.117,5646000000
USDJPY,20190901,2300,106.122,106.151,106.097,106.134,4774990000
USDJPY,20190902,0000,106.133,106.203,106.076,106.106,7520630000
USDJPY,20190902,0100,106.105,106.227,106.096,106.186,7452800000
USDJPY,20190902,0200,106.186,106.240,106.147,106.176,5394850000
USDJPY,20190902,0300,106.176,106.203,106.145,106.154,3074399996
USDJPY,20190902,0400,106.154,106.190,106.141,106.187,2882750001
USDJPY,20190902,0500,106.187,106.236,106.181,106.206,5175840000
USDJPY,20190902,0600,106.207,106.221,106.151,106.170,5131420001
USDJPY,20190902,0700,106.171,106.298,106.169,106.255,7107460001
USDJPY,20190902,0800,106.257,106.297,106.242,106.268,6290580002
USDJPY,20190902,0900,106.270,106.364,106.269,106.306,5736110000
USDJPY,20190902,1000,106.306,106.399,106.292,106.391,5812690003
USDJPY,20190902,1100,106.392,106.393,106.310,106.349,8178720002
USDJPY,20190902,1200,106.352,106.380,106.351,106.370,4551040011
USDJPY,20190902,1300,106.372,106.387,106.319,106.334,5839140007
USDJPY,20190902,1400,106.333,106.350,106.254,106.254,4064400001
USDJPY,20190902,1500,106.252,106.289,106.105,106.199,5807510000
USDJPY,20190902,1600,106.197,106.203,106.056,106.134,4942939998
USDJPY,20190902,1700,106.135,106.170,106.120,106.153,3412650000
USDJPY,20190902,1800,106.153,106.188,106.144,106.185,1296860000
USDJPY,20190902,1900,106.185,106.201,106.178,106.201,2258440000
USDJPY,20190902,2000,106.199,106.221,106.175,106.198,9837060000
USDJPY,20190902,2100,106.194,106.248,106.164,106.186,10857280000
USDJPY,20190902,2200,106.189,106.207,106.168,106.200,3245770000
USDJPY,20190902,2300,106.202,106.211,106.169,106.195,2664170000
USDJPY,20190903,0000,106.197,106.303,106.195,106.270,7380670001
USDJPY,20190903,0100,106.272,106.380,106.230,106.348,11387990000
USDJPY,20190903,0200,106.346,106.385,106.303,106.378,5709150000
USDJPY,20190903,0300,106.379,106.379,106.279,106.300,4873719998
USDJPY,20190903,0400,106.305,106.345,106.291,106.296,3555690000
USDJPY,20190903,0500,106.296,106.313,106.222,106.241,5469519999
USDJPY,20190903,0600,106.240,106.311,106.138,106.219,11631120000
USDJPY,20190903,0700,106.218,106.218,105.923,105.983,17058000000
USDJPY,20190903,0800,105.983,106.088,105.978,106.049,13861509994
USDJPY,20190903,0900,106.049,106.124,105.991,106.035,8964130000
USDJPY,20190903,1000,106.035,106.178,106.025,106.177,9238820001
USDJPY,20190903,1100,106.175,106.175,106.105,106.110,7908450004
USDJPY,20190903,1200,106.110,106.267,106.095,106.255,10859960000
USDJPY,20190903,1300,106.257,106.312,106.142,106.263,14870000000
USDJPY,20190903,1400,106.262,106.262,105.737,105.891,25110080004
USDJPY,20190903,1500,105.894,105.932,105.775,105.881,14860220003
USDJPY,20190903,1600,105.881,105.933,105.859,105.873,7297900002
USDJPY,20190903,1700,105.874,105.937,105.867,105.914,5507150000
USDJPY,20190903,1800,105.913,106.082,105.908,106.031,5625010001
USDJPY,20190903,1900,106.031,106.071,106.014,106.053,5224919996
USDJPY,20190903,2000,106.055,106.066,105.906,105.918,3425469990
USDJPY,20190903,2100,105.914,105.987,105.914,105.929,1169090000
USDJPY,20190903,2200,105.930,105.971,105.924,105.957,1717280000
USDJPY,20190903,2300,105.957,105.977,105.834,105.850,2833860000
USDJPY,20190904,0000,105.852,105.922,105.830,105.905,7319910002
USDJPY,20190904,0100,105.904,106.070,105.882,106.049,10871620000
USDJPY,20190904,0200,106.050,106.051,105.951,105.985,5597040000
USDJPY,20190904,0300,105.987,106.002,105.918,105.964,3463760001
USDJPY,20190904,0400,105.964,106.054,105.962,106.045,5521020000
USDJPY,20190904,0500,106.044,106.079,106.009,106.053,4860020000
USDJPY,20190904,0600,106.057,106.244,106.049,106.165,13872009999
USDJPY,20190904,0700,106.163,106.256,106.119,106.229,12586180000
USDJPY,20190904,0800,106.232,106.260,106.171,106.200,9520640005
USDJPY,20190904,0900,106.199,106.298,106.185,106.217,9943209999
USDJPY,20190904,1000,106.218,106.238,106.175,106.225,8063539995
USDJPY,20190904,1100,106.225,106.252,106.199,106.221,7650870002
USDJPY,20190904,1200,106.222,106.270,106.208,106.238,6647410003
USDJPY,20190904,1300,106.236,106.338,106.216,106.260,10853370000
USDJPY,20190904,1400,106.261,106.269,106.123,106.185,11847649997
USDJPY,20190904,1500,106.184,106.314,106.132,106.289,8109760009
USDJPY,20190904,1600,106.289,106.307,106.249,106.299,5324550003
USDJPY,20190904,1700,106.300,106.362,106.239,106.296,5146580000
USDJPY,20190904,1800,106.296,106.445,106.278,106.406,6264020000
USDJPY,20190904,1900,106.409,106.427,106.342,106.369,5691639995
USDJPY,20190904,2000,106.369,106.429,106.315,106.379,3632580000
USDJPY,20190904,2100,106.362,106.411,106.301,106.358,13639080000
USDJPY,20190904,2200,106.359,106.386,106.325,106.336,2052710000
USDJPY,20190904,2300,106.337,106.364,106.326,106.338,2451750000
USDJPY,20190905,0000,106.338,106.464,106.330,106.407,7952780001
USDJPY,20190905,0100,106.406,106.717,106.370,106.690,17469759999
USDJPY,20190905,0200,106.691,106.753,106.625,106.670,9067370008
USDJPY,20190905,0300,106.670,106.671,106.613,106.651,4530049998
USDJPY,20190905,0400,106.651,106.652,106.498,106.537,5347000000
USDJPY,20190905,0500,106.536,106.625,106.524,106.574,5475280000
USDJPY,20190905,0600,106.574,106.584,106.434,106.483,11205570000
USDJPY,20190905,0700,106.483,106.534,106.372,106.520,16002349989
USDJPY,20190905,0800,106.519,106.547,106.463,106.546,11059280001
USDJPY,20190905,0900,106.545,106.586,106.484,106.538,8256140004
USDJPY,20190905,1000,106.538,106.650,106.519,106.635,8184859999
USDJPY,20190905,1100,106.635,106.740,106.622,106.647,7144250000
USDJPY,20190905,1200,106.647,106.932,106.617,106.856,12808620002
USDJPY,20190905,1300,106.855,106.957,106.803,106.852,11114020006
USDJPY,20190905,1400,106.884,107.232,106.884,107.046,19623189997
USDJPY,20190905,1500,107.046,107.050,106.926,106.966,9346589996
USDJPY,20190905,1600,106.966,106.995,106.910,106.941,6651320004
USDJPY,20190905,1700,106.941,106.980,106.876,106.929,5850760000
USDJPY,20190905,1800,106.930,107.013,106.913,106.960,5425809995
USDJPY,20190905,1900,106.957,107.029,106.955,107.021,5362829994
USDJPY,20190905,2000,107.019,107.023,106.924,106.935,4393970002
USDJPY,20190905,2100,106.921,106.994,106.886,106.944,3643129997
USDJPY,20190905,2200,106.944,107.031,106.915,107.019,1547260000
USDJPY,20190905,2300,107.024,107.089,106.992,107.072,4066070000
USDJPY,20190906,0000,107.071,107.084,106.916,107.038,10199179999
USDJPY,20190906,0100,107.038,107.076,107.001,107.073,8263210000
USDJPY,20190906,0200,107.075,107.101,107.037,107.064,7284640000
USDJPY,20190906,0300,107.064,107.095,107.041,107.063,5699440000
USDJPY,20190906,0400,107.063,107.090,106.955,106.960,5883110000
USDJPY,20190906,0500,106.959,107.031,106.942,107.013,6303420000
USDJPY,20190906,0600,107.014,107.061,106.965,107.002,10597710001
USDJPY,20190906,0700,107.001,107.030,106.952,106.982,10601079999
USDJPY,20190906,0800,106.982,107.046,106.972,107.040,7847260000
USDJPY,20190906,0900,107.040,107.082,106.928,106.982,10990839996
USDJPY,20190906,1000,106.981,107.026,106.947,106.964,6988120000
USDJPY,20190906,1100,106.964,107.020,106.949,107.014,8868309979
USDJPY,20190906,1200,107.016,107.031,106.708,106.840,17953090000
USDJPY,20190906,1300,106.841,106.849,106.622,106.718,16817090001
USDJPY,20190906,1400,106.717,106.843,106.708,106.771,12556509986
USDJPY,20190906,1500,106.772,106.846,106.755,106.810,7523370000
USDJPY,20190906,1600,106.810,106.916,106.753,106.849,10626659996
USDJPY,20190906,1700,106.849,106.931,106.826,106.838,11415820000
USDJPY,20190906,1800,106.840,106.894,106.808,106.891,4796469997
USDJPY,20190906,1900,106.892,106.938,106.863,106.936,5006480007
USDJPY,20190906,2000,106.936,106.942,106.890,106.914,4001380000
USDJPY,20190908,2100,106.820,106.837,106.811,106.837,166420000
USDJPY,20190908,2200,106.835,106.936,106.835,106.896,7418120000
USDJPY,20190908,2300,106.893,106.971,106.892,106.943,3891230000
USDJPY,20190909,0000,106.943,107.023,106.901,106.948,8699370000
USDJPY,20190909,0100,106.947,106.974,106.761,106.851,8995280001
USDJPY,20190909,0200,106.849,106.934,106.831,106.906,5241469999
USDJPY,20190909,0300,106.906,106.913,106.870,106.872,2242760000
USDJPY,20190909,0400,106.873,106.913,106.873,106.900,2754170000
USDJPY,20190909,0500,106.899,106.900,106.833,106.872,4248410000
USDJPY,20190909,0600,106.873,106.935,106.856,106.922,6065400000
USDJPY,20190909,0700,106.923,106.992,106.911,106.963,9956790004
USDJPY,20190909,0800,106.963,106.994,106.926,106.977,6833709997
USDJPY,20190909,0900,106.977,107.076,106.964,107.046,6625619992
USDJPY,20190909,1000,107.045,107.058,106.973,106.978,5405739999
USDJPY,20190909,1100,106.978,107.024,106.922,106.963,5637720000
USDJPY,20190909,1200,106.964,107.014,106.931,107.005,9856200015
USDJPY,20190909,1300,107.003,107.067,106.977,106.996,11071399997
USDJPY,20190909,1400,106.996,107.172,106.993,107.158,11334609999
USDJPY,20190909,1500,107.160,107.180,107.075,107.146,8600229999
USDJPY,20190909,1600,107.146,107.146,106.921,107.052,8717600000
USDJPY,20190909,1700,107.052,107.100,107.034,107.077,5628210003
USDJPY,20190909,1800,107.072,107.172,107.070,107.153,5770270004
USDJPY,20190909,1900,107.155,107.213,107.155,107.196,5121850000
USDJPY,20190909,2000,107.196,107.274,107.166,107.234,5429149998
USDJPY,20190909,2100,107.231,107.262,107.203,107.245,2765310000
USDJPY,20190909,2200,107.245,107.248,107.181,107.209,3000970000
USDJPY,20190909,2300,107.209,107.367,107.205,107.343,5390850000
USDJPY,20190910,0000,107.342,107.442,107.290,107.440,11260180000
USDJPY,20190910,0100,107.438,107.498,107.381,107.426,10022570001
USDJPY,20190910,0200,107.435,107.437,107.361,107.379,6518110000
USDJPY,20190910,0300,107.379,107.437,107.377,107.421,3178140000
USDJPY,20190910,0400,107.422,107.426,107.392,107.408,2571110000
USDJPY,20190910,0500,107.409,107.415,107.362,107.372,5238439993
USDJPY,20190910,0600,107.372,107.381,107.307,107.361,7038840001
USDJPY,20190910,0700,107.361,107.393,107.236,107.318,10526090004
USDJPY,20190910,0800,107.319,107.337,107.251,107.297,8713129986
USDJPY,20190910,0900,107.298,107.357,107.272,107.312,5778670003
USDJPY,20190910,1000,107.312,107.386,107.299,107.377,5682399999
USDJPY,20190910,1100,107.377,107.487,107.323,107.365,8156930001
USDJPY,20190910,1200,107.367,107.378,107.253,107.278,9348319998
USDJPY,20190910,1300,107.279,107.369,107.190,107.240,13015510002
USDJPY,20190910,1400,107.237,107.341,107.198,107.281,16249280011
USDJPY,20190910,1500,107.280,107.430,107.250,107.349,14631029997
USDJPY,20190910,1600,107.349,107.466,107.293,107.454,10236300002
USDJPY,20190910,1700,107.455,107.462,107.391,107.396,9200349979
USDJPY,20190910,1800,107.396,107.512,107.369,107.428,9272149988
USDJPY,20190910,1900,107.428,107.528,107.428,107.528,7531070000
USDJPY,20190910,2000,107.527,107.586,107.498,107.542,4361129997
USDJPY,20190910,2100,107.525,107.553,107.495,107.512,7418300000
USDJPY,20190910,2200,107.513,107.546,107.499,107.512,2427380000
USDJPY,20190910,2300,107.513,107.626,107.500,107.601,3799390001
USDJPY,20190911,0000,107.599,107.651,107.545,107.632,7507000000
USDJPY,20190911,0100,107.631,107.631,107.562,107.618,7356910000
USDJPY,20190911,0200,107.618,107.694,107.604,107.684,4712720000
USDJPY,20190911,0300,107.683,107.738,107.674,107.727,3623040000
USDJPY,20190911,0400,107.724,107.783,107.707,107.761,5891530000
USDJPY,20190911,0500,107.762,107.847,107.728,107.805,5904220000
USDJPY,20190911,0600,107.806,107.831,107.750,107.757,7128770006
USDJPY,20190911,0700,107.758,107.810,107.660,107.803,11404080002
USDJPY,20190911,0800,107.804,107.826,107.746,107.753,8227570000
USDJPY,20190911,0900,107.752,107.754,107.683,107.703,7705959994
USDJPY,20190911,1000,107.704,107.752,107.667,107.669,5643870001
USDJPY,20190911,1100,107.668,107.736,107.666,107.720,7447020025
USDJPY,20190911,1200,107.722,107.811,107.685,107.770,9741700005
USDJPY,20190911,1300,107.770,107.810,107.707,107.732,12520310002
USDJPY,20190911,1400,107.731,107.750,107.626,107.742,12923340001
USDJPY,20190911,1500,107.742,107.756,107.704,107.732,6655539997
USDJPY,20190911,1600,107.734,107.801,107.722,107.765,5153760000
USDJPY,20190911,1700,107.765,107.801,107.741,107.754,5465190000
USDJPY,20190911,1800,107.754,107.800,107.752,107.779,4524439997
USDJPY,20190911,1900,107.779,107.837,107.769,107.828,3333020000
USDJPY,20190911,2000,107.826,107.855,107.796,107.796,2456490000
USDJPY,20190911,2100,107.796,107.823,107.783,107.812,9955450000
USDJPY,20190911,2200,107.812,107.840,107.794,107.814,1412010000
USDJPY,20190911,2300,107.814,108.047,107.776,108.014,10617540000
USDJPY,20190912,0000,108.015,108.058,107.947,108.047,11781820000
USDJPY,20190912,0100,108.047,108.101,108.020,108.020,8353629999
USDJPY,20190912,0200,108.019,108.044,107.995,108.038,6507720000
USDJPY,20190912,0300,108.038,108.167,108.021,108.094,6768810000
USDJPY,20190912,0400,108.093,108.136,108.057,108.074,6099010000
USDJPY,20190912,0500,108.074,108.084,107.975,108.006,7221380002
USDJPY,20190912,0600,108.007,108.036,107.954,107.986,7016250000
USDJPY,20190912,0700,107.986,108.011,107.897,107.908,10292660001
USDJPY,20190912,0800,107.908,107.922,107.822,107.863,7144299999
USDJPY,20190912,0900,107.862,107.881,107.819,107.857,6346779992
USDJPY,20190912,1000,107.857,107.901,107.857,107.881,5929899998
USDJPY,20190912,1100,107.880,107.890,107.691,107.749,13930540007
USDJPY,20190912,1200,107.749,107.810,107.521,107.703,28152570002
USDJPY,20190912,1300,107.704,107.816,107.635,107.764,26087789998
USDJPY,20190912,1400,107.764,108.086,107.655,107.901,29370839994
USDJPY,20190912,1500,107.900,108.086,107.820,107.975,18426960011
USDJPY,20190912,1600,107.975,108.092,107.931,108.029,9135940002
USDJPY,20190912,1700,108.030,108.094,108.018,108.092,9270140000
USDJPY,20190912,1800,108.093,108.163,108.060,108.151,6766870002
USDJPY,20190912,1900,108.149,108.187,108.124,108.136,4158030000
USDJPY,20190912,2000,108.138,108.147,108.057,108.076,2842100000
USDJPY,20190912,2100,108.055,108.146,108.029,108.074,9067810000
USDJPY,20190912,2200,108.074,108.190,108.074,108.155,2811880000
USDJPY,20190912,2300,108.153,108.192,108.146,108.183,2986720000
USDJPY,20190913,0000,108.186,108.232,108.106,108.216,9761110000
USDJPY,20190913,0100,108.216,108.259,108.174,108.175,6301540000
USDJPY,20190913,0200,108.175,108.201,108.145,108.180,3726480000
USDJPY,20190913,0300,108.182,108.184,108.144,108.171,3027920000
USDJPY,20190913,0400,108.171,108.171,108.116,108.133,4404820003
USDJPY,20190913,0500,108.133,108.150,108.097,108.117,5005180008
USDJPY,20190913,0600,108.114,108.115,107.965,107.978,9434420001
USDJPY,20190913,0700,107.981,108.067,107.906,107.956,12703090000
USDJPY,20190913,0800,107.955,108.033,107.945,107.986,9239550001
USDJPY,20190913,0900,107.986,108.079,107.945,107.984,9902710010
USDJPY,20190913,1000,107.983,108.021,107.966,108.004,6108810001
USDJPY,20190913,1100,108.003,108.021,107.952,107.965,4566220000
USDJPY,20190913,1200,107.968,108.137,107.945,108.121,13158830000
USDJPY,20190913,1300,108.119,108.139,107.996,108.056,13464320006
USDJPY,20190913,1400,108.056,108.137,108.035,108.072,17190129977
USDJPY,20190913,1500,108.072,108.154,108.047,108.122,9315880000
USDJPY,20190913,1600,108.122,108.179,108.106,108.121,7612480001
USDJPY,20190913,1700,108.123,108.139,108.067,108.067,8293150001
USDJPY,20190913,1800,108.067,108.155,108.066,108.137,5495150000
USDJPY,20190913,1900,108.137,108.139,108.092,108.112,5690670000
USDJPY,20190913,2000,108.113,108.132,108.055,108.057,3456950000
USDJPY,20190915,2100,107.476,107.721,107.457,107.721,1134170000
USDJPY,20190915,2200,107.721,107.914,107.689,107.819,12422890000
USDJPY,20190915,2300,107.819,107.830,107.739,107.759,8403780000
USDJPY,20190916,0000,107.758,107.775,107.496,107.673,13349610000
USDJPY,20190916,0100,107.673,107.771,107.615,107.749,11029200000
USDJPY,20190916,0200,107.749,107.795,107.691,107.791,5511070000
USDJPY,20190916,0300,107.791,107.857,107.760,107.855,4097210000
USDJPY,20190916,0400,107.856,107.861,107.775,107.813,2607940000
USDJPY,20190916,0500,107.815,107.906,107.815,107.861,4656530000
USDJPY,20190916,0600,107.861,107.906,107.806,107.835,7979380000
USDJPY,20190916,0700,107.835,107.933,107.832,107.857,9908520000
USDJPY,20190916,0800,107.855,107.934,107.790,107.809,7944140000
USDJPY,20190916,0900,107.808,107.809,107.687,107.733,10195900000
USDJPY,20190916,1000,107.733,107.793,107.708,107.763,7497280000
USDJPY,20190916,1100,107.763,107.807,107.677,107.793,8369420000
USDJPY,20190916,1200,107.794,107.888,107.774,107.873,10041240000
USDJPY,20190916,1300,107.872,107.964,107.855,107.948,11577669998
USDJPY,20190916,1400,107.947,108.046,107.876,108.020,11676350000
USDJPY,20190916,1500,108.019,108.095,107.920,107.954,12629950001
USDJPY,20190916,1600,107.954,108.036,107.918,107.966,7396710000
USDJPY,20190916,1700,107.965,108.048,107.953,108.029,5778000000
USDJPY,20190916,1800,108.028,108.091,108.011,108.042,6944029988
USDJPY,20190916,1900,108.043,108.091,107.963,108.081,6858870000
USDJPY,20190916,2000,108.081,108.167,108.073,108.128,3218500000
USDJPY,20190916,2100,108.128,108.165,108.062,108.100,4248830000
USDJPY,20190916,2200,108.100,108.135,108.080,108.119,8429720000
USDJPY,20190916,2300,108.119,108.186,108.095,108.149,4362580000
USDJPY,20190917,0000,108.149,108.218,108.022,108.208,9171610000
USDJPY,20190917,0100,108.209,108.371,108.159,108.162,11469490000
USDJPY,20190917,0200,108.162,108.198,108.080,108.183,6011870000
USDJPY,20190917,0300,108.183,108.195,108.135,108.165,4972260000
USDJPY,20190917,0400,108.165,108.246,108.158,108.231,3342730000
USDJPY,20190917,0500,108.230,108.230,108.149,108.183,7617170029
USDJPY,20190917,0600,108.183,108.253,108.177,108.232,7418340001
USDJPY,20190917,0700,108.232,108.238,108.105,108.125,8743479999
USDJPY,20190917,0800,108.126,108.198,108.123,108.158,5609850000
USDJPY,20190917,0900,108.154,108.236,108.151,108.236,5361340000
USDJPY,20190917,1000,108.235,108.246,108.116,108.130,4485870000
USDJPY,20190917,1100,108.129,108.182,108.125,108.142,4786620000
USDJPY,20190917,1200,108.144,108.208,108.096,108.197,8589930000
USDJPY,20190917,1300,108.199,108.352,108.090,108.227,17170390001
USDJPY,20190917,1400,108.227,108.330,108.169,108.200,12373150000
USDJPY,20190917,1500,108.199,108.211,108.099,108.129,10140530000
USDJPY,20190917,1600,108.130,108.167,108.062,108.072,6120710000
USDJPY,20190917,1700,108.072,108.181,108.056,108.148,5467970000
USDJPY,20190917,1800,108.148,108.202,108.136,108.196,6488560000
USDJPY,20190917,1900,108.197,108.207,108.142,108.142,4412110000
USDJPY,20190917,2000,108.142,108.148,108.101,108.114,3159100000
USDJPY,20190917,2100,108.108,108.148,108.096,108.108,6993090000
USDJPY,20190917,2200,108.108,108.128,108.091,108.108,3691749999
USDJPY,20190917,2300,108.108,108.120,108.085,108.095,4276970000
USDJPY,20190918,0000,108.095,108.192,108.094,108.184,6749630000
USDJPY,20190918,0100,108.183,108.229,108.146,108.220,6043420000
USDJPY,20190918,0200,108.222,108.264,108.197,108.261,4480800000
USDJPY,20190918,0300,108.261,108.273,108.171,108.206,3884040000
USDJPY,20190918,0400,108.207,108.221,108.186,108.202,2355729999
USDJPY,20190918,0500,108.201,108.221,108.192,108.217,3024950000
USDJPY,20190918,0600,108.217,108.245,108.184,108.236,4636790000
USDJPY,20190918,0700,108.238,108.245,108.177,108.199,6671820000
USDJPY,20190918,0800,108.197,108.224,108.180,108.213,5323320002
USDJPY,20190918,0900,108.214,108.231,108.188,108.211,4943390000
USDJPY,20190918,1000,108.211,108.231,108.181,108.191,3904420000
USDJPY,20190918,1100,108.192,108.199,108.166,108.173,3674150000
USDJPY,20190918,1200,108.174,108.202,108.144,108.190,7249380000
USDJPY,20190918,1300,108.190,108.212,108.160,108.191,7760040001
USDJPY,20190918,1400,108.192,108.241,108.171,108.227,7568500000
USDJPY,20190918,1500,108.227,108.237,108.160,108.176,5847960002
USDJPY,20190918,1600,108.176,108.181,108.147,108.170,4465720000
USDJPY,20190918,1700,108.170,108.191,108.098,108.124,5466789999
USDJPY,20190918,1800,108.124,108.438,108.122,108.342,23004239999
USDJPY,20190918,1900,108.345,108.472,108.293,108.438,15176539997
USDJPY,20190918,2000,108.436,108.475,108.421,108.443,3640030000
USDJPY,20190918,2100,108.441,108.442,108.375,108.401,5581150000
USDJPY,20190918,2200,108.403,108.426,108.387,108.399,3855960000
USDJPY,20190918,2300,108.398,108.442,108.395,108.435,5373230000
USDJPY,20190919,0000,108.434,108.471,108.268,108.288,8635430000
USDJPY,20190919,0100,108.288,108.315,107.991,108.065,14692980001
USDJPY,20190919,0200,108.066,108.207,108.014,108.092,9483970000
USDJPY,20190919,0300,108.096,108.118,107.786,107.857,15487170000
USDJPY,20190919,0400,107.859,107.913,107.827,107.895,6580990000
USDJPY,20190919,0500,107.895,107.936,107.860,107.932,6576500002
USDJPY,20190919,0600,107.932,108.016,107.890,107.951,7532900000
USDJPY,20190919,0700,107.950,108.139,107.853,108.045,14973659998
USDJPY,20190919,0800,108.045,108.058,107.986,107.997,7668740000
USDJPY,20190919,0900,107.998,108.016,107.931,108.014,7063489997
USDJPY,20190919,1000,108.014,108.027,107.907,107.919,6151850000
USDJPY,20190919,1100,107.919,107.974,107.916,107.955,9256449990
USDJPY,20190919,1200,107.956,108.011,107.893,107.966,11286140002
USDJPY,20190919,1300,107.967,108.045,107.943,107.995,11061080001
USDJPY,20190919,1400,107.996,108.084,107.990,108.040,10545489998
USDJPY,20190919,1500,108.041,108.050,107.966,107.997,6995499998
USDJPY,20190919,1600,107.998,108.035,107.937,107.963,5935990000
USDJPY,20190919,1700,107.963,107.967,107.836,107.906,11294220001
USDJPY,20190919,1800,107.905,107.982,107.898,107.980,8348350000
USDJPY,20190919,1900,107.980,108.066,107.971,108.033,7472850000
USDJPY,20190919,2000,108.033,108.059,108.007,108.009,3268580000
USDJPY,20190919,2100,108.005,108.041,107.965,108.041,12009210000
USDJPY,20190919,2200,108.040,108.041,108.011,108.018,2122340000
USDJPY,20190919,2300,108.018,108.067,108.002,108.067,5570010000
USDJPY,20190920,0000,108.066,108.086,107.923,107.970,9766060000
USDJPY,20190920,0100,107.971,107.976,107.896,107.914,8111860000
USDJPY,20190920,0200,107.913,107.963,107.909,107.922,5137220000
USDJPY,20190920,0300,107.922,107.932,107.896,107.906,4042140000
USDJPY,20190920,0400,107.907,107.907,107.803,107.842,3981210000
USDJPY,20190920,0500,107.842,107.894,107.838,107.843,3983210000
USDJPY,20190920,0600,107.842,107.894,107.841,107.878,7016690001
USDJPY,20190920,0700,107.878,107.938,107.768,107.929,10482110012
USDJPY,20190920,0800,107.929,107.964,107.868,107.924,8298809997
USDJPY,20190920,0900,107.923,108.003,107.916,107.993,6807800000
USDJPY,20190920,1000,107.995,108.001,107.943,107.968,5093420000
USDJPY,20190920,1100,107.968,107.999,107.945,107.946,5630330000
USDJPY,20190920,1200,107.945,107.979,107.903,107.921,7217900000
USDJPY,20190920,1300,107.921,107.992,107.907,107.978,11258530000
USDJPY,20190920,1400,107.978,108.025,107.871,107.878,10972670000
USDJPY,20190920,1500,107.878,107.976,107.865,107.950,11243220000
USDJPY,20190920,1600,107.951,107.969,107.859,107.882,6751029999
USDJPY,20190920,1700,107.882,107.898,107.625,107.693,19165290000
USDJPY,20190920,1800,107.694,107.732,107.635,107.654,11207460000
USDJPY,20190920,1900,107.657,107.659,107.543,107.544,8258980000
USDJPY,20190920,2000,107.545,107.566,107.524,107.535,4377430000
USDJPY,20190922,2100,107.714,107.752,107.667,107.721,682030000
USDJPY,20190922,2200,107.722,107.755,107.650,107.684,3738010000
USDJPY,20190922,2300,107.682,107.727,107.608,107.653,6174010000
USDJPY,20190923,0000,107.653,107.708,107.629,107.692,4444230000
USDJPY,20190923,0100,107.692,107.755,107.686,107.691,4184540000
USDJPY,20190923,0200,107.692,107.716,107.669,107.690,3367670000
USDJPY,20190923,0300,107.690,107.713,107.676,107.705,2762680002
USDJPY,20190923,0400,107.704,107.737,107.704,107.719,1765090000
USDJPY,20190923,0500,107.716,107.730,107.695,107.709,2957499998
USDJPY,20190923,0600,107.712,107.746,107.707,107.729,5592590000
USDJPY,20190923,0700,107.729,107.768,107.508,107.511,18362119999
USDJPY,20190923,0800,107.512,107.549,107.310,107.356,14260920001
USDJPY,20190923,0900,107.356,107.513,107.345,107.498,9664149996
USDJPY,20190923,1000,107.497,107.497,107.425,107.457,5567610000
USDJPY,20190923,1100,107.458,107.485,107.420,107.456,5648180000
USDJPY,20190923,1200,107.455,107.546,107.453,107.531,5867710000
USDJPY,20190923,1300,107.531,107.552,107.415,107.424,13603860000
USDJPY,20190923,1400,107.424,107.446,107.346,107.359,10892080000
USDJPY,20190923,1500,107.360,107.493,107.345,107.480,9861440000
USDJPY,20190923,1600,107.480,107.523,107.473,107.494,5315790000
USDJPY,20190923,1700,107.496,107.525,107.469,107.509,5007030000
USDJPY,20190923,1800,107.509,107.544,107.384,107.458,6031180000
USDJPY,20190923,1900,107.461,107.504,107.407,107.420,5865860000
USDJPY,20190923,2000,107.421,107.550,107.421,107.540,3006550000
USDJPY,20190923,2100,107.532,107.573,107.488,107.519,11876370000
USDJPY,20190923,2200,107.523,107.528,107.474,107.492,1862070000
USDJPY,20190923,2300,107.491,107.664,107.490,107.595,9198780000
USDJPY,20190924,0000,107.595,107.670,107.570,107.646,8375070001
USDJPY,20190924,0100,107.646,107.686,107.566,107.577,7332670000
USDJPY,20190924,0200,107.577,107.591,107.523,107.533,5222489999
USDJPY,20190924,0300,107.535,107.556,107.494,107.533,4250540000
USDJPY,20190924,0400,107.535,107.650,107.513,107.605,4754639998
USDJPY,20190924,0500,107.605,107.639,107.574,107.583,5997890000
USDJPY,20190924,0600,107.582,107.590,107.519,107.564,5737500000
USDJPY,20190924,0700,107.564,107.607,107.545,107.588,7927649994
USDJPY,20190924,0800,107.589,107.670,107.583,107.633,9347770000
USDJPY,20190924,0900,107.635,107.797,107.627,107.736,8628450001
USDJPY,20190924,1000,107.736,107.737,107.670,107.686,6840690000
USDJPY,20190924,1100,107.688,107.710,107.661,107.686,5705840000
USDJPY,20190924,1200,107.686,107.711,107.630,107.645,7972490001
USDJPY,20190924,1300,107.644,107.710,107.631,107.645,9445260000
USDJPY,20190924,1400,107.644,107.647,107.377,107.411,17919700000
USDJPY,20190924,1500,107.413,107.419,107.234,107.322,11631280000
USDJPY,20190924,1600,107.320,107.351,107.049,107.084,16593830000
USDJPY,20190924,1700,107.083,107.154,107.011,107.102,12541440000
USDJPY,20190924,1800,107.103,107.426,107.034,107.045,22644000000
USDJPY,20190924,1900,107.042,107.111,106.961,107.028,12955160000
USDJPY,20190924,2000,107.026,107.115,106.996,107.046,4261910000
USDJPY,20190924,2100,107.028,107.111,106.987,107.105,6243000000
USDJPY,20190924,2200,107.107,107.122,107.030,107.108,3981650000
USDJPY,20190924,2300,107.108,107.186,107.100,107.167,5622120000
USDJPY,20190925,0000,107.166,107.188,107.000,107.066,14003800000
USDJPY,20190925,0100,107.068,107.257,107.045,107.249,11607150002
USDJPY,20190925,0200,107.250,107.425,107.231,107.340,12617230000
USDJPY,20190925,0300,107.340,107.362,107.286,107.320,7189660001
USDJPY,20190925,0400,107.319,107.366,107.301,107.357,4623540000
USDJPY,20190925,0500,107.358,107.380,107.324,107.341,5735609999
USDJPY,20190925,0600,107.341,107.392,107.304,107.371,7730140006
USDJPY,20190925,0700,107.373,107.424,107.249,107.285,12344600000
USDJPY,20190925,0800,107.285,107.368,107.260,107.315,9370080000
USDJPY,20190925,0900,107.315,107.355,107.247,107.330,9510710000
USDJPY,20190925,1000,107.329,107.373,107.283,107.318,6701789998
USDJPY,20190925,1100,107.319,107.430,107.306,107.403,6165680003
USDJPY,20190925,1200,107.403,107.546,107.398,107.504,11533770000
USDJPY,20190925,1300,107.505,107.621,107.449,107.545,14367360000
USDJPY,20190925,1400,107.546,107.839,107.406,107.712,28477900000
USDJPY,20190925,1500,107.713,107.796,107.676,107.782,17926970000
USDJPY,20190925,1600,107.785,107.883,107.755,107.800,17746850000
USDJPY,20190925,1700,107.800,107.831,107.739,107.770,10760550000
USDJPY,20190925,1800,107.770,107.846,107.751,107.813,10618610000
USDJPY,20190925,1900,107.813,107.814,107.743,107.784,8571880000
USDJPY,20190925,2000,107.783,107.810,107.753,107.769,5236040000
USDJPY,20190925,2100,107.762,107.781,107.683,107.722,10277990000
USDJPY,20190925,2200,107.724,107.770,107.721,107.748,5361630000
USDJPY,20190925,2300,107.747,107.753,107.679,107.704,7078490000
USDJPY,20190926,0000,107.703,107.728,107.604,107.717,10341520000
USDJPY,20190926,0100,107.719,107.724,107.661,107.712,6806180000
USDJPY,20190926,0200,107.713,107.714,107.630,107.668,6345630000
USDJPY,20190926,0300,107.668,107.678,107.647,107.666,4221950000
USDJPY,20190926,0400,107.666,107.683,107.645,107.683,4186249998
USDJPY,20190926,0500,107.683,107.695,107.644,107.658,5462950000
USDJPY,20190926,0600,107.657,107.670,107.592,107.608,5887960000
USDJPY,20190926,0700,107.609,107.710,107.608,107.687,11566570000
USDJPY,20190926,0800,107.687,107.698,107.576,107.612,9417090000
USDJPY,20190926,0900,107.612,107.629,107.591,107.616,6818190002
USDJPY,20190926,1000,107.618,107.621,107.545,107.570,6767789999
USDJPY,20190926,1100,107.570,107.693,107.568,107.666,6478980000
USDJPY,20190926,1200,107.665,107.705,107.570,107.590,13306020001
USDJPY,20190926,1300,107.589,107.608,107.424,107.541,18372849997
USDJPY,20190926,1400,107.539,107.725,107.481,107.674,18611599998
USDJPY,20190926,1500,107.673,107.699,107.593,107.674,17572189998
USDJPY,20190926,1600,107.676,107.886,107.666,107.811,11864750001
USDJPY,20190926,1700,107.811,107.846,107.711,107.841,8017800000
USDJPY,20190926,1800,107.841,107.859,107.783,107.796,8518790000
USDJPY,20190926,1900,107.798,107.957,107.797,107.889,11347500000
USDJPY,20190926,2000,107.888,107.890,107.812,107.830,2332310000
USDJPY,20190926,2100,107.830,107.839,107.805,107.832,10043290000
USDJPY,20190926,2200,107.832,107.849,107.812,107.812,1189370000
USDJPY,20190926,2300,107.813,107.827,107.749,107.749,3692170000
USDJPY,20190927,0000,107.749,107.791,107.667,107.767,10738910000
USDJPY,20190927,0100,107.767,107.805,107.720,107.741,8985879997
USDJPY,20190927,0200,107.742,107.750,107.675,107.724,7120220000
USDJPY,20190927,0300,107.724,107.754,107.680,107.681,4075110000
USDJPY,20190927,0400,107.681,107.726,107.656,107.676,4336700000
USDJPY,20190927,0500,107.677,107.765,107.657,107.747,7724230000
USDJPY,20190927,0600,107.751,107.860,107.728,107.832,8559020000
USDJPY,20190927,0700,107.830,107.857,107.781,107.844,10594530000
USDJPY,20190927,0800,107.843,107.916,107.829,107.915,7556900000
USDJPY,20190927,0900,107.915,107.962,107.889,107.948,6171229998
USDJPY,20190927,1000,107.948,108.172,107.941,108.105,10006680001
USDJPY,20190927,1100,108.105,108.105,108.067,108.091,6213560000
USDJPY,20190927,1200,108.091,108.146,108.020,108.074,10939980000
USDJPY,20190927,1300,108.074,108.151,108.039,108.064,12861320000
USDJPY,20190927,1400,108.068,108.179,108.024,108.152,13450960000
USDJPY,20190927,1500,108.151,108.180,107.789,108.059,21414980001
USDJPY,20190927,1600,108.057,108.088,107.831,107.862,17820680000
USDJPY,20190927,1700,107.862,107.954,107.831,107.933,14152220000
USDJPY,20190927,1800,107.932,107.935,107.798,107.815,11672270000
USDJPY,20190927,1900,107.818,107.962,107.808,107.954,10624350000
USDJPY,20190927,2000,107.956,107.967,107.862,107.862,2334050000
USDJPY,20190929,2100,107.960,108.020,107.947,107.985,326530000
USDJPY,20190929,2200,107.985,107.999,107.854,107.875,2589780000
USDJPY,20190929,2300,107.876,107.958,107.876,107.946,6543880000
USDJPY,20190930,0000,107.945,108.011,107.877,107.905,9092160000
USDJPY,20190930,0100,107.904,108.013,107.889,107.930,9504130000
USDJPY,20190930,0200,107.932,107.956,107.889,107.951,5213530000
USDJPY,20190930,0300,107.954,107.955,107.906,107.945,3632740000
USDJPY,20190930,0400,107.944,107.960,107.846,107.877,4543080000
USDJPY,20190930,0500,107.877,107.888,107.751,107.777,6301230000
USDJPY,20190930,0600,107.777,107.869,107.774,107.824,8506100000
USDJPY,20190930,0700,107.825,107.861,107.743,107.859,10222620000
USDJPY,20190930,0800,107.860,107.910,107.839,107.899,8756960000
USDJPY,20190930,0900,107.900,107.977,107.884,107.968,8042980000
USDJPY,20190930,1000,107.969,107.976,107.918,107.925,5048390000
USDJPY,20190930,1100,107.925,107.983,107.885,107.955,7395230000
USDJPY,20190930,1200,107.955,108.095,107.952,107.996,12329980000
USDJPY,20190930,1300,107.995,108.098,107.963,108.025,13506400000
USDJPY,20190930,1400,108.024,108.105,107.924,108.074,14837859999
USDJPY,20190930,1500,108.074,108.147,108.002,108.112,15343220001
USDJPY,20190930,1600,108.112,108.145,108.062,108.144,7480340002
USDJPY,20190930,1700,108.145,108.178,108.115,108.119,6002140000
USDJPY,20190930,1800,108.117,108.141,108.056,108.079,5867330000
USDJPY,20190930,1900,108.081,108.119,108.056,108.113,7141829999
USDJPY,20190930,2000,108.114,108.144,108.063,108.071,2563960000
USDJPY,20190930,2100,108.071,108.123,108.050,108.073,4250890000
USDJPY,20190930,2200,108.075,108.084,108.045,108.072,1045650000
USDJPY,20190930,2300,108.071,108.100,108.055,108.058,2770050000
USDJPY,20191001,0000,108.059,108.171,108.042,108.144,5542490000
USDJPY,20191001,0100,108.146,108.226,108.124,108.196,7040710004
USDJPY,20191001,0200,108.196,108.227,108.186,108.217,4245819999
USDJPY,20191001,0300,108.216,108.263,108.195,108.257,3652540000
USDJPY,20191001,0400,108.257,108.296,108.230,108.234,5268810000
USDJPY,20191001,0500,108.234,108.252,108.176,108.178,4307480000
USDJPY,20191001,0600,108.178,108.292,108.166,108.241,6143560000
USDJPY,20191001,0700,108.240,108.430,108.214,108.345,10678130000
USDJPY,20191001,0800,108.345,108.470,108.323,108.405,12619929996
USDJPY,20191001,0900,108.406,108.414,108.326,108.348,8917480000
USDJPY,20191001,1000,108.348,108.376,108.236,108.284,8063810000
USDJPY,20191001,1100,108.285,108.356,108.225,108.353,5767300000
USDJPY,20191001,1200,108.353,108.421,108.269,108.364,8009450001
USDJPY,20191001,1300,108.364,108.449,108.305,108.391,11917050000
USDJPY,20191001,1400,108.387,108.387,107.822,107.846,30084590000
USDJPY,20191001,1500,107.846,107.860,107.649,107.709,18975220000
USDJPY,20191001,1600,107.708,107.753,107.626,107.692,15094269997
USDJPY,20191001,1700,107.691,107.759,107.638,107.700,11650010000
USDJPY,20191001,1800,107.698,107.780,107.649,107.733,9259430000
USDJPY,20191001,1900,107.731,107.781,107.684,107.705,10362390000
USDJPY,20191001,2000,107.706,107.752,107.680,107.740,2745570000
USDJPY,20191001,2100,107.728,107.756,107.727,107.752,8076570000
USDJPY,20191001,2200,107.754,107.761,107.701,107.751,3474190000
USDJPY,20191001,2300,107.750,107.755,107.696,107.747,4665310000
USDJPY,20191002,0000,107.747,107.760,107.643,107.707,8285000000
USDJPY,20191002,0100,107.708,107.740,107.648,107.731,9396700000
USDJPY,20191002,0200,107.732,107.788,107.701,107.777,5870709998
USDJPY,20191002,0300,107.777,107.892,107.769,107.874,4325060000
USDJPY,20191002,0400,107.875,107.881,107.816,107.831,4196760000
USDJPY,20191002,0500,107.830,107.870,107.784,107.801,5329070000
USDJPY,20191002,0600,107.801,107.843,107.762,107.763,6519560000
USDJPY,20191002,0700,107.765,107.791,107.551,107.679,17429650000
USDJPY,20191002,0800,107.678,107.733,107.572,107.651,12147110002
USDJPY,20191002,0900,107.650,107.694,107.586,107.645,11015290000
USDJPY,20191002,1000,107.645,107.692,107.561,107.591,8521300000
USDJPY,20191002,1100,107.588,107.599,107.497,107.531,8755450000
USDJPY,20191002,1200,107.530,107.602,107.421,107.425,15167610000
USDJPY,20191002,1300,107.426,107.530,107.366,107.419,18423850000
USDJPY,20191002,1400,107.419,107.493,107.261,107.341,23013170004
USDJPY,20191002,1500,107.342,107.361,107.139,107.212,19823679999
USDJPY,20191002,1600,107.212,107.255,107.108,107.111,10262450000
USDJPY,20191002,1700,107.110,107.207,107.046,107.098,13089190000
USDJPY,20191002,1800,107.098,107.229,107.087,107.201,11655350000
USDJPY,20191002,1900,107.202,107.230,107.157,107.205,10357960000
USDJPY,20191002,2000,107.208,107.212,107.135,107.177,5168120000
USDJPY,20191002,2100,107.169,107.202,107.131,107.155,12272050000
USDJPY,20191002,2200,107.155,107.188,107.147,107.175,17011110000
USDJPY,20191002,2300,107.174,107.209,107.160,107.163,6172990000
USDJPY,20191003,0000,107.164,107.168,106.964,107.033,12188200000
USDJPY,20191003,0100,107.033,107.163,107.027,107.123,8173810000
USDJPY,20191003,0200,107.120,107.174,107.095,107.107,5573360000
USDJPY,20191003,0300,107.108,107.191,107.108,107.158,5638080000
USDJPY,20191003,0400,107.158,107.189,107.108,107.167,4822660000
USDJPY,20191003,0500,107.168,107.186,107.115,107.134,4730680000
USDJPY,20191003,0600,107.135,107.285,107.084,107.270,11293650000
USDJPY,20191003,0700,107.269,107.297,107.208,107.228,15732370001
USDJPY,20191003,0800,107.227,107.269,107.083,107.111,10840250000
USDJPY,20191003,0900,107.112,107.151,107.049,107.151,6781520001
USDJPY,20191003,1000,107.149,107.204,107.057,107.064,6294320000
USDJPY,20191003,1100,107.063,107.080,106.872,106.916,7605960000
USDJPY,20191003,1200,106.916,107.075,106.908,106.987,10150380001
USDJPY,20191003,1300,106.988,107.123,106.969,107.047,14060750000
USDJPY,20191003,1400,107.050,107.050,106.483,106.691,31165940001
USDJPY,20191003,1500,106.688,106.942,106.668,106.758,19337870000
USDJPY,20191003,1600,106.761,106.886,106.761,106.818,12237890000
USDJPY,20191003,1700,106.819,106.966,106.787,106.864,11874570000
USDJPY,20191003,1800,106.864,106.895,106.803,106.891,8550410000
USDJPY,20191003,1900,106.892,106.912,106.848,106.864,5218630000
USDJPY,20191003,2000,106.866,106.914,106.835,106.911,2231680000
USDJPY,20191003,2100,106.899,106.923,106.827,106.880,8216450000
USDJPY,20191003,2200,106.880,106.926,106.870,106.882,3010660000
USDJPY,20191003,2300,106.882,106.893,106.814,106.830,5705650000
USDJPY,20191004,0000,106.832,106.910,106.797,106.804,7979330000
USDJPY,20191004,0100,106.804,106.872,106.800,106.800,5409060000
USDJPY,20191004,0200,106.801,106.821,106.743,106.760,4451730000
USDJPY,20191004,0300,106.761,106.794,106.747,106.770,3291920000
USDJPY,20191004,0400,106.771,106.826,106.752,106.826,3144190000
USDJPY,20191004,0500,106.829,106.849,106.803,106.828,4141260000
USDJPY,20191004,0600,106.829,106.840,106.773,106.805,8228660000
USDJPY,20191004,0700,106.804,106.808,106.729,106.771,9746340000
USDJPY,20191004,0800,106.770,106.801,106.757,106.785,6177749998
USDJPY,20191004,0900,106.785,106.786,106.741,106.742,5421840000
USDJPY,20191004,1000,106.742,106.786,106.688,106.693,4643639999
USDJPY,20191004,1100,106.696,106.750,106.646,106.717,6842770000
USDJPY,20191004,1200,106.715,107.134,106.577,107.112,19599930000
USDJPY,20191004,1300,107.112,107.117,106.944,107.068,18031579999
USDJPY,20191004,1400,107.067,107.126,106.839,106.870,15382580000
USDJPY,20191004,1500,106.870,106.930,106.810,106.910,13174250000
USDJPY,20191004,1600,106.910,106.928,106.843,106.867,6885000000
USDJPY,20191004,1700,106.868,106.897,106.815,106.894,6312750000
USDJPY,20191004,1800,106.894,106.930,106.832,106.855,6785500000
USDJPY,20191004,1900,106.854,106.892,106.827,106.835,5245010000
USDJPY,20191004,2000,106.834,106.924,106.831,106.890,1687300000
USDJPY,20191006,2100,106.651,106.739,106.649,106.675,897330000
USDJPY,20191006,2200,106.675,106.854,106.674,106.854,7472610000
USDJPY,20191006,2300,106.853,106.854,106.754,106.760,5052410000
USDJPY,20191007,0000,106.763,106.817,106.713,106.717,7544930000
USDJPY,20191007,0100,106.716,106.825,106.689,106.817,5654460002
USDJPY,20191007,0200,106.819,106.834,106.791,106.795,3870210000
USDJPY,20191007,0300,106.796,106.848,106.791,106.826,4518319993
USDJPY,20191007,0400,106.825,106.881,106.824,106.861,4206180001
USDJPY,20191007,0500,106.861,106.902,106.843,106.881,3664900001
USDJPY,20191007,0600,106.881,106.905,106.855,106.855,4349430000
USDJPY,20191007,0700,106.856,106.940,106.808,106.847,9606579999
USDJPY,20191007,0800,106.848,106.897,106.809,106.857,8027699999
USDJPY,20191007,0900,106.855,106.864,106.775,106.789,4569640000
USDJPY,20191007,1000,106.789,106.889,106.778,106.888,4792630000
USDJPY,20191007,1100,106.888,106.900,106.829,106.841,5485290000
USDJPY,20191007,1200,106.841,106.909,106.801,106.908,6622320000
USDJPY,20191007,1300,106.908,106.978,106.899,106.947,9364780000
USDJPY,20191007,1400,106.948,107.033,106.908,106.926,8478670002
USDJPY,20191007,1500,106.927,107.073,106.927,107.064,8830110000
USDJPY,20191007,1600,107.064,107.179,107.042,107.126,6238970000
USDJPY,20191007,1700,107.124,107.464,107.081,107.375,12914249995
USDJPY,20191007,1800,107.375,107.393,107.241,107.292,9875269999
USDJPY,20191007,1900,107.291,107.328,107.258,107.272,7549820000
USDJPY,20191007,2000,107.272,107.310,107.238,107.242,2419920000
USDJPY,20191007,2100,107.242,107.268,107.223,107.225,2346600000
USDJPY,20191007,2200,107.225,107.242,107.203,107.222,4117420000
USDJPY,20191007,2300,107.224,107.296,107.224,107.252,3787230000
USDJPY,20191008,0000,107.255,107.380,107.242,107.359,7803680000
USDJPY,20191008,0100,107.360,107.410,107.262,107.372,8414710000
USDJPY,20191008,0200,107.370,107.410,107.317,107.373,5944500000
USDJPY,20191008,0300,107.373,107.407,107.362,107.374,3788650000
USDJPY,20191008,0400,107.374,107.401,107.356,107.392,3455480003
USDJPY,20191008,0500,107.392,107.444,107.374,107.403,4574600000
USDJPY,20191008,0600,107.404,107.432,107.347,107.371,5835420000
USDJPY,20191008,0700,107.370,107.375,107.146,107.154,11272390000
USDJPY,20191008,0800,107.155,107.218,107.101,107.158,11710600001
USDJPY,20191008,0900,107.160,107.179,107.047,107.062,9071020000
USDJPY,20191008,1000,107.061,107.076,106.888,106.952,11760740000
USDJPY,20191008,1100,106.951,106.952,106.806,106.863,13245550000
USDJPY,20191008,1200,106.862,106.969,106.824,106.956,11564950000
USDJPY,20191008,1300,106.956,106.978,106.861,106.925,14882440000
USDJPY,20191008,1400,106.927,107.160,106.886,107.105,15263550000
USDJPY,20191008,1500,107.104,107.151,107.027,107.057,12950150000
USDJPY,20191008,1600,107.056,107.210,107.048,107.148,7585230000
USDJPY,20191008,1700,107.146,107.264,107.136,107.207,6565450000
USDJPY,20191008,1800,107.208,107.298,106.940,107.124,16048529999
USDJPY,20191008,1900,107.125,107.196,107.071,107.089,15771650001
USDJPY,20191008,2000,107.089,107.115,107.040,107.073,2240550000
USDJPY,20191008,2100,107.067,107.095,107.040,107.067,3173690000
USDJPY,20191008,2200,107.067,107.073,107.006,107.015,3016580000
USDJPY,20191008,2300,107.015,107.024,106.933,106.942,5853600000
USDJPY,20191009,0000,106.942,107.094,106.942,107.073,6408760000
USDJPY,20191009,0100,107.073,107.150,107.053,107.140,5753520000
USDJPY,20191009,0200,107.141,107.205,107.129,107.176,3773890000
USDJPY,20191009,0300,107.177,107.177,107.142,107.168,1955000000
USDJPY,20191009,0400,107.169,107.172,107.113,107.151,2971880001
USDJPY,20191009,0500,107.151,107.187,107.142,107.183,3217080000
USDJPY,20191009,0600,107.185,107.214,107.137,107.162,4971300000
USDJPY,20191009,0700,107.160,107.293,107.116,107.211,12931869987
USDJPY,20191009,0800,107.212,107.303,107.203,107.269,8423210000
USDJPY,20191009,0900,107.268,107.407,107.246,107.340,16839659998
USDJPY,20191009,1000,107.341,107.399,107.295,107.365,8272040000
USDJPY,20191009,1100,107.364,107.439,107.355,107.400,5641660000
USDJPY,20191009,1200,107.400,107.405,107.316,107.377,6522860000
USDJPY,20191009,1300,107.376,107.413,107.337,107.377,10318069982
USDJPY,20191009,1400,107.375,107.412,107.357,107.390,8942950001
USDJPY,20191009,1500,107.390,107.457,107.350,107.435,8370060000
USDJPY,20191009,1600,107.435,107.584,107.434,107.576,5662399999
USDJPY,20191009,1700,107.575,107.628,107.440,107.474,6975850000
USDJPY,20191009,1800,107.481,107.564,107.443,107.540,8969820000
USDJPY,20191009,1900,107.541,107.570,107.390,107.458,9391210000
USDJPY,20191009,2000,107.458,107.518,107.447,107.473,2579520000
USDJPY,20191009,2100,107.470,107.500,107.450,107.461,5721060000
USDJPY,20191009,2200,107.461,107.466,107.034,107.072,14862969999
USDJPY,20191009,2300,107.072,107.235,107.036,107.233,11135010000
USDJPY,20191010,0000,107.235,107.368,107.167,107.314,23095500000
USDJPY,20191010,0100,107.315,107.774,107.305,107.534,20653799992
USDJPY,20191010,0200,107.536,107.582,107.471,107.505,8371319998
USDJPY,20191010,0300,107.505,107.505,107.435,107.469,4106710000
USDJPY,20191010,0400,107.469,107.506,107.441,107.500,2677010000
USDJPY,20191010,0500,107.502,107.546,107.483,107.512,4344780000
USDJPY,20191010,0600,107.511,107.550,107.437,107.476,7898240000
USDJPY,20191010,0700,107.474,107.550,107.354,107.404,12915359999
USDJPY,20191010,0800,107.407,107.474,107.367,107.408,9401599999
USDJPY,20191010,0900,107.407,107.438,107.354,107.388,7432470000
USDJPY,20191010,1000,107.388,107.460,107.365,107.418,6581690000
USDJPY,20191010,1100,107.417,107.459,107.384,107.451,6641390000
USDJPY,20191010,1200,107.453,107.650,107.370,107.622,11626480000
USDJPY,20191010,1300,107.622,107.863,107.561,107.853,16059130000
USDJPY,20191010,1400,107.852,107.965,107.770,107.962,15749920000
USDJPY,20191010,1500,107.963,107.974,107.899,107.918,11830680000
USDJPY,20191010,1600,107.917,107.938,107.848,107.898,7503140000
USDJPY,20191010,1700,107.898,107.923,107.822,107.907,8423739998
USDJPY,20191010,1800,107.906,107.940,107.753,107.912,14644600000
USDJPY,20191010,1900,107.911,107.973,107.897,107.927,8642370000
USDJPY,20191010,2000,107.926,108.018,107.843,107.955,5132580000
USDJPY,20191010,2100,107.955,107.973,107.847,107.865,8429380000
USDJPY,20191010,2200,107.865,107.974,107.850,107.936,4847690000
USDJPY,20191010,2300,107.937,107.937,107.849,107.868,8210340000
USDJPY,20191011,0000,107.872,108.130,107.848,108.057,9399030000
USDJPY,20191011,0100,108.056,108.077,107.965,107.968,9482600000
USDJPY,20191011,0200,107.969,107.973,107.936,107.957,3930330000
USDJPY,20191011,0300,107.956,107.996,107.948,107.977,3254150000
USDJPY,20191011,0400,107.976,107.992,107.944,107.966,3240950000
USDJPY,20191011,0500,107.968,108.014,107.960,108.011,5098280000
USDJPY,20191011,0600,108.011,108.026,107.950,108.010,6310710000
USDJPY,20191011,0700,108.010,108.016,107.903,107.914,9686650002
USDJPY,20191011,0800,107.914,108.002,107.877,107.986,10151610000
USDJPY,20191011,0900,107.986,108.166,107.966,108.119,8499119999
USDJPY,20191011,1000,108.119,108.289,108.118,108.272,8603840000
USDJPY,20191011,1100,108.273,108.488,108.247,108.455,14547859999
USDJPY,20191011,1200,108.455,108.470,108.337,108.399,12287790000
USDJPY,20191011,1300,108.400,108.499,108.347,108.470,13612520000
USDJPY,20191011,1400,108.476,108.620,108.457,108.583,16080669999
USDJPY,20191011,1500,108.584,108.628,108.440,108.520,15360530000
USDJPY,20191011,1600,108.519,108.576,108.269,108.397,16289279999
USDJPY,20191011,1700,108.397,108.595,108.393,108.409,10506090000
USDJPY,20191011,1800,108.411,108.512,108.408,108.507,5657790001
USDJPY,20191011,1900,108.511,108.575,108.334,108.368,13100090000
USDJPY,20191011,2000,108.370,108.442,108.311,108.358,3604540000
USDJPY,20191013,2100,108.343,108.400,108.320,108.378,624570000
USDJPY,20191013,2200,108.371,108.515,108.359,108.509,3686000000
USDJPY,20191013,2300,108.510,108.521,108.450,108.476,4848030000
USDJPY,20191014,0000,108.476,108.478,108.236,108.299,8000470000
USDJPY,20191014,0100,108.299,108.333,108.196,108.256,10767510000
USDJPY,20191014,0200,108.256,108.320,108.230,108.306,4916610000
USDJPY,20191014,0300,108.306,108.327,108.294,108.307,2248110000
USDJPY,20191014,0400,108.307,108.362,108.301,108.309,2369150000
USDJPY,20191014,0500,108.310,108.338,108.245,108.273,4158650000
USDJPY,20191014,0600,108.276,108.303,108.180,108.250,7077030000
USDJPY,20191014,0700,108.250,108.267,108.192,108.203,6890610000
USDJPY,20191014,0800,108.203,108.292,108.197,108.255,3774470000
USDJPY,20191014,0900,108.257,108.276,108.032,108.148,11059600000
USDJPY,20191014,1000,108.148,108.199,108.117,108.192,5698340000
USDJPY,20191014,1100,108.193,108.240,108.172,108.234,4738470000
USDJPY,20191014,1200,108.235,108.291,108.215,108.276,5127140000
USDJPY,20191014,1300,108.276,108.360,108.266,108.343,8888450000
USDJPY,20191014,1400,108.342,108.427,108.325,108.424,7803540000
USDJPY,20191014,1500,108.424,108.456,108.401,108.401,5180000000
USDJPY,20191014,1600,108.403,108.444,108.367,108.367,4067470000
USDJPY,20191014,1700,108.367,108.400,108.363,108.395,3020190000
USDJPY,20191014,1800,108.396,108.401,108.336,108.343,2460070000
USDJPY,20191014,1900,108.343,108.403,108.337,108.401,2446890000
USDJPY,20191014,2000,108.403,108.405,108.382,108.391,1252710000
USDJPY,20191014,2100,108.389,108.403,108.328,108.357,1748860000
USDJPY,20191014,2200,108.359,108.401,108.342,108.370,1732620000
USDJPY,20191014,2300,108.369,108.446,108.367,108.398,4310230000
USDJPY,20191015,0000,108.398,108.408,108.300,108.375,7390970000
USDJPY,20191015,0100,108.376,108.452,108.339,108.366,7704300000
USDJPY,20191015,0200,108.366,108.368,108.311,108.340,4864640000
USDJPY,20191015,0300,108.338,108.342,108.280,108.311,3742780001
USDJPY,20191015,0400,108.311,108.362,108.311,108.342,2933720000
USDJPY,20191015,0500,108.341,108.342,108.303,108.321,4775390000
USDJPY,20191015,0600,108.320,108.379,108.280,108.367,9722690000
USDJPY,20191015,0700,108.368,108.408,108.340,108.353,9473360000
USDJPY,20191015,0800,108.352,108.408,108.310,108.338,7042110000
USDJPY,20191015,0900,108.339,108.351,108.215,108.293,8366930000
USDJPY,20191015,1000,108.289,108.291,108.155,108.215,7030019999
USDJPY,20191015,1100,108.215,108.374,108.210,108.328,7048039998
USDJPY,20191015,1200,108.327,108.363,108.300,108.347,7281080000
USDJPY,20191015,1300,108.345,108.468,108.316,108.463,10833480001
USDJPY,20191015,1400,108.465,108.818,108.439,108.804,16531620000
USDJPY,20191015,1500,108.797,108.886,108.768,108.837,14118260000
USDJPY,20191015,1600,108.836,108.883,108.790,108.860,6822760000
USDJPY,20191015,1700,108.860,108.899,108.835,108.854,4183630000
USDJPY,20191015,1800,108.854,108.887,108.832,108.841,3736230000
USDJPY,20191015,1900,108.840,108.886,108.825,108.874,4057440000
USDJPY,20191015,2000,108.874,108.880,108.836,108.852,1880790000
USDJPY,20191015,2100,108.852,108.863,108.798,108.838,3906560000
USDJPY,20191015,2200,108.837,108.861,108.831,108.843,2137740000
USDJPY,20191015,2300,108.844,108.854,108.799,108.800,4332490000
USDJPY,20191016,0000,108.799,108.850,108.605,108.726,11786130000
USDJPY,20191016,0100,108.726,108.740,108.600,108.706,10557970000
USDJPY,20191016,0200,108.705,108.710,108.657,108.684,3911180000
USDJPY,20191016,0300,108.682,108.700,108.632,108.685,5167810000
USDJPY,20191016,0400,108.685,108.686,108.624,108.651,3607140000
USDJPY,20191016,0500,108.651,108.699,108.631,108.661,4236740000
USDJPY,20191016,0600,108.661,108.771,108.659,108.729,10658680000
USDJPY,20191016,0700,108.730,108.756,108.592,108.647,13008320000
USDJPY,20191016,0800,108.649,108.716,108.611,108.708,7770720000
USDJPY,20191016,0900,108.708,108.720,108.625,108.694,9647159999
USDJPY,20191016,1000,108.694,108.737,108.627,108.732,7753440000
USDJPY,20191016,1100,108.731,108.798,108.712,108.744,6331939998
USDJPY,20191016,1200,108.745,108.812,108.560,108.659,15230009995
USDJPY,20191016,1300,108.660,108.769,108.621,108.672,11384830000
USDJPY,20191016,1400,108.673,108.845,108.654,108.820,12973669999
USDJPY,20191016,1500,108.818,108.836,108.700,108.711,8517500000
USDJPY,20191016,1600,108.713,108.724,108.661,108.667,5618940000
USDJPY,20191016,1700,108.667,108.742,108.667,108.679,4838610000
USDJPY,20191016,1800,108.679,108.781,108.678,108.762,3973990000
USDJPY,20191016,1900,108.764,108.769,108.716,108.767,2993950000
USDJPY,20191016,2000,108.766,108.781,108.744,108.755,1651410000
USDJPY,20191016,2100,108.740,108.757,108.703,108.725,2957020000
USDJPY,20191016,2200,108.724,108.748,108.684,108.701,4809610000
USDJPY,20191016,2300,108.701,108.733,108.671,108.683,3057350000
USDJPY,20191017,0000,108.681,108.747,108.643,108.696,7377630000
USDJPY,20191017,0100,108.696,108.827,108.671,108.805,8949610000
USDJPY,20191017,0200,108.805,108.822,108.766,108.781,3223860000
USDJPY,20191017,0300,108.779,108.784,108.755,108.777,2195410002
USDJPY,20191017,0400,108.779,108.783,108.721,108.734,3141939998
USDJPY,20191017,0500,108.736,108.767,108.699,108.756,4274890000
USDJPY,20191017,0600,108.756,108.777,108.721,108.766,5938410000
USDJPY,20191017,0700,108.766,108.850,108.763,108.839,7970120000
USDJPY,20191017,0800,108.840,108.869,108.770,108.818,8790880000
USDJPY,20191017,0900,108.818,108.939,108.717,108.748,18272039999
USDJPY,20191017,1000,108.748,108.852,108.748,108.800,10202130001
USDJPY,20191017,1100,108.798,108.801,108.676,108.743,9808279998
USDJPY,20191017,1200,108.745,108.773,108.625,108.715,11196720000
USDJPY,20191017,1300,108.717,108.744,108.552,108.583,12724310000
USDJPY,20191017,1400,108.583,108.666,108.525,108.646,12126980000
USDJPY,20191017,1500,108.646,108.696,108.509,108.513,12005090000
USDJPY,20191017,1600,108.513,108.563,108.451,108.517,6659300000
USDJPY,20191017,1700,108.517,108.611,108.515,108.600,3982110000
USDJPY,20191017,1800,108.599,108.681,108.592,108.676,4462870000
USDJPY,20191017,1900,108.677,108.685,108.610,108.632,3607110000
USDJPY,20191017,2000,108.633,108.663,108.617,108.631,1662870000
USDJPY,20191017,2100,108.627,108.658,108.605,108.613,2497220000
USDJPY,20191017,2200,108.611,108.636,108.592,108.594,1996130000
USDJPY,20191017,2300,108.594,108.616,108.552,108.592,4020120000
USDJPY,20191018,0000,108.593,108.686,108.581,108.668,6669410000
USDJPY,20191018,0100,108.666,108.686,108.595,108.598,6486510001
USDJPY,20191018,0200,108.598,108.670,108.539,108.566,6597430000
USDJPY,20191018,0300,108.566,108.588,108.521,108.562,4208800000
USDJPY,20191018,0400,108.563,108.584,108.552,108.578,3216370000
USDJPY,20191018,0500,108.578,108.593,108.515,108.537,4627240001
USDJPY,20191018,0600,108.537,108.600,108.534,108.581,6828880000
USDJPY,20191018,0700,108.580,108.664,108.547,108.645,8417309995
USDJPY,20191018,0800,108.646,108.721,108.625,108.689,6617300001
USDJPY,20191018,0900,108.690,108.700,108.635,108.636,4813110000
USDJPY,20191018,1000,108.640,108.660,108.569,108.657,4598760000
USDJPY,20191018,1100,108.657,108.673,108.565,108.583,6592739999
USDJPY,20191018,1200,108.584,108.584,108.522,108.552,6163900000
USDJPY,20191018,1300,108.552,108.552,108.422,108.497,11508970000
USDJPY,20191018,1400,108.498,108.522,108.415,108.520,11835060000
USDJPY,20191018,1500,108.520,108.568,108.423,108.450,9171199999
USDJPY,20191018,1600,108.450,108.485,108.386,108.421,9430259998
USDJPY,20191018,1700,108.419,108.503,108.419,108.499,6611670000
USDJPY,20191018,1800,108.498,108.498,108.423,108.448,4974600000
USDJPY,20191018,1900,108.449,108.466,108.392,108.408,5447610000
USDJPY,20191018,2000,108.409,108.422,108.371,108.371,3456480000
USDJPY,20191020,2100,108.453,108.494,108.400,108.434,554860000
USDJPY,20191020,2200,108.434,108.437,108.291,108.350,5051500000
USDJPY,20191020,2300,108.350,108.421,108.315,108.410,12340050000
USDJPY,20191021,0000,108.408,108.503,108.371,108.479,7149520000
USDJPY,20191021,0100,108.478,108.493,108.446,108.482,7148629965
USDJPY,20191021,0200,108.482,108.515,108.470,108.489,4152760000
USDJPY,20191021,0300,108.488,108.501,108.470,108.483,2098760000
USDJPY,20191021,0400,108.483,108.553,108.483,108.537,2952359999
USDJPY,20191021,0500,108.538,108.541,108.456,108.501,3126570000
USDJPY,20191021,0600,108.500,108.549,108.466,108.490,7227140000
USDJPY,20191021,0700,108.491,108.578,108.456,108.560,10115690000
USDJPY,20191021,0800,108.561,108.663,108.561,108.608,8292340000
USDJPY,20191021,0900,108.608,108.621,108.535,108.570,6335430001
USDJPY,20191021,1000,108.570,108.592,108.565,108.581,4681440000
USDJPY,20191021,1100,108.580,108.585,108.540,108.558,5942090000
USDJPY,20191021,1200,108.558,108.574,108.494,108.524,6954190000
USDJPY,20191021,1300,108.523,108.543,108.453,108.497,10887000000
USDJPY,20191021,1400,108.497,108.551,108.456,108.545,10416310000
USDJPY,20191021,1500,108.548,108.603,108.544,108.573,8309860000
USDJPY,20191021,1600,108.573,108.576,108.516,108.573,5010220000
USDJPY,20191021,1700,108.573,108.601,108.542,108.554,4226520000
USDJPY,20191021,1800,108.554,108.618,108.536,108.590,4583080000
USDJPY,20191021,1900,108.589,108.642,108.585,108.623,5193380000
USDJPY,20191021,2000,108.622,108.630,108.593,108.599,1636820000
USDJPY,20191021,2100,108.598,108.614,108.548,108.571,3760460000
USDJPY,20191021,2200,108.570,108.616,108.570,108.600,1897710000
USDJPY,20191021,2300,108.598,108.630,108.591,108.605,2121150000
USDJPY,20191022,0000,108.604,108.727,108.587,108.677,5147700000
USDJPY,20191022,0100,108.678,108.712,108.642,108.654,4294090000
USDJPY,20191022,0200,108.652,108.668,108.607,108.642,3600020000
USDJPY,20191022,0300,108.643,108.666,108.640,108.650,2053350000
USDJPY,20191022,0400,108.650,108.658,108.623,108.636,2305940000
USDJPY,20191022,0500,108.636,108.646,108.592,108.600,2874870000
USDJPY,20191022,0600,108.601,108.614,108.581,108.587,4021789999
USDJPY,20191022,0700,108.587,108.591,108.491,108.544,7541430000
USDJPY,20191022,0800,108.545,108.558,108.494,108.557,6635000000
USDJPY,20191022,0900,108.557,108.586,108.539,108.583,4988910000
USDJPY,20191022,1000,108.583,108.589,108.551,108.571,4352090000
USDJPY,20191022,1100,108.571,108.622,108.569,108.597,4746670003
USDJPY,20191022,1200,108.596,108.629,108.523,108.529,7624620000
USDJPY,20191022,1300,108.528,108.557,108.451,108.492,7835239999
USDJPY,20191022,1400,108.492,108.561,108.482,108.552,8896669999
USDJPY,20191022,1500,108.553,108.582,108.514,108.555,7405400000
USDJPY,20191022,1600,108.556,108.603,108.555,108.573,5147380000
USDJPY,20191022,1700,108.574,108.577,108.510,108.545,4565120000
USDJPY,20191022,1800,108.544,108.590,108.440,108.457,12863760000
USDJPY,20191022,1900,108.459,108.512,108.450,108.473,7617320000
USDJPY,20191022,2000,108.471,108.494,108.445,108.481,2293280000
USDJPY,20191022,2100,108.475,108.494,108.449,108.477,2857920000
USDJPY,20191022,2200,108.477,108.501,108.437,108.497,4445920000
USDJPY,20191022,2300,108.500,108.511,108.461,108.487,9158800000
USDJPY,20191023,0000,108.486,108.486,108.250,108.397,11999300000
USDJPY,20191023,0100,108.396,108.421,108.291,108.312,7065100000
USDJPY,20191023,0200,108.315,108.353,108.291,108.305,5004550000
USDJPY,20191023,0300,108.307,108.342,108.291,108.311,4496930000
USDJPY,20191023,0400,108.311,108.357,108.278,108.355,3747670001
USDJPY,20191023,0500,108.355,108.413,108.322,108.362,5187960000
USDJPY,20191023,0600,108.363,108.430,108.326,108.331,7251350000
USDJPY,20191023,0700,108.331,108.426,108.289,108.372,10589640001
USDJPY,20191023,0800,108.372,108.405,108.333,108.380,6425410000
USDJPY,20191023,0900,108.382,108.402,108.337,108.381,5563439999
USDJPY,20191023,1000,108.380,108.481,108.380,108.473,8989370000
USDJPY,20191023,1100,108.475,108.483,108.420,108.458,6725310000
USDJPY,20191023,1200,108.456,108.539,108.442,108.528,7353850000
USDJPY,20191023,1300,108.527,108.609,108.509,108.580,9956620000
USDJPY,20191023,1400,108.579,108.625,108.531,108.617,10646030000
USDJPY,20191023,1500,108.616,108.667,108.601,108.642,7790660000
USDJPY,20191023,1600,108.640,108.703,108.619,108.686,3555140000
USDJPY,20191023,1700,108.685,108.698,108.660,108.669,3393210000
USDJPY,20191023,1800,108.669,108.673,108.621,108.650,3236230000
USDJPY,20191023,1900,108.654,108.693,108.635,108.682,2778510000
USDJPY,20191023,2000,108.682,108.699,108.677,108.691,1511690000
USDJPY,20191023,2100,108.690,108.690,108.626,108.647,5455480000
USDJPY,20191023,2200,108.649,108.693,108.636,108.649,4911780000
USDJPY,20191023,2300,108.650,108.667,108.622,108.637,3100130000
USDJPY,20191024,0000,108.636,108.653,108.593,108.642,4873410000
USDJPY,20191024,0100,108.641,108.641,108.589,108.622,4887220000
USDJPY,20191024,0200,108.622,108.629,108.579,108.601,3279070000
USDJPY,20191024,0300,108.600,108.627,108.577,108.609,2674490000
USDJPY,20191024,0400,108.608,108.633,108.575,108.598,2584880000
USDJPY,20191024,0500,108.598,108.622,108.592,108.610,3557040000
USDJPY,20191024,0600,108.612,108.645,108.594,108.641,4509740000
USDJPY,20191024,0700,108.642,108.753,108.634,108.699,12971030000
USDJPY,20191024,0800,108.699,108.717,108.609,108.688,9328690002
USDJPY,20191024,0900,108.690,108.705,108.662,108.676,5590330000
USDJPY,20191024,1000,108.675,108.692,108.615,108.638,4581070001
USDJPY,20191024,1100,108.639,108.664,108.618,108.639,5429390001
USDJPY,20191024,1200,108.641,108.646,108.510,108.609,8149139999
USDJPY,20191024,1300,108.609,108.628,108.506,108.506,11903870000
USDJPY,20191024,1400,108.507,108.589,108.496,108.511,12050010001
USDJPY,20191024,1500,108.510,108.648,108.505,108.630,8976010005
USDJPY,20191024,1600,108.631,108.647,108.521,108.581,6571530001
USDJPY,20191024,1700,108.580,108.584,108.536,108.572,3252330000
USDJPY,20191024,1800,108.571,108.633,108.560,108.616,2790710000
USDJPY,20191024,1900,108.616,108.657,108.606,108.646,3808370000
USDJPY,20191024,2000,108.646,108.660,108.599,108.599,2412920000
USDJPY,20191024,2100,108.599,108.646,108.572,108.630,3659810000
USDJPY,20191024,2200,108.633,108.636,108.601,108.626,2312570000
USDJPY,20191024,2300,108.626,108.633,108.596,108.614,3947930000
USDJPY,20191025,0000,108.611,108.706,108.591,108.655,7196140000
USDJPY,20191025,0100,108.654,108.695,108.626,108.660,5402580000
USDJPY,20191025,0200,108.657,108.667,108.632,108.638,3392440000
USDJPY,20191025,0300,108.638,108.671,108.630,108.656,2817440000
USDJPY,20191025,0400,108.656,108.665,108.636,108.654,2747820000
USDJPY,20191025,0500,108.653,108.681,108.647,108.675,3352610000
USDJPY,20191025,0600,108.676,108.687,108.645,108.673,4255320000
USDJPY,20191025,0700,108.672,108.689,108.612,108.614,6920760001
USDJPY,20191025,0800,108.614,108.638,108.560,108.576,5718390000
USDJPY,20191025,0900,108.577,108.648,108.576,108.637,4800940000
USDJPY,20191025,1000,108.637,108.652,108.602,108.619,4008620000
USDJPY,20191025,1100,108.619,108.627,108.553,108.564,4918750000
USDJPY,20191025,1200,108.565,108.597,108.510,108.553,6405230000
USDJPY,20191025,1300,108.551,108.633,108.517,108.597,8810680000
USDJPY,20191025,1400,108.597,108.661,108.559,108.588,9434980000
USDJPY,20191025,1500,108.587,108.751,108.552,108.746,10268759999
USDJPY,20191025,1600,108.746,108.773,108.719,108.761,6370290000
USDJPY,20191025,1700,108.761,108.770,108.726,108.747,3868420000
USDJPY,20191025,1800,108.746,108.747,108.679,108.691,3560510000
USDJPY,20191025,1900,108.691,108.691,108.657,108.663,4185200000
USDJPY,20191025,2000,108.664,108.681,108.654,108.655,2177440000
USDJPY,20191027,2100,108.740,108.766,108.700,108.710,510010000
USDJPY,20191027,2200,108.708,108.728,108.669,108.701,2089950000
USDJPY,20191027,2300,108.700,108.740,108.680,108.737,3237050000
USDJPY,20191028,0000,108.737,108.786,108.707,108.773,4165070000
USDJPY,20191028,0100,108.772,108.777,108.732,108.754,3939730000
USDJPY,20191028,0200,108.753,108.792,108.746,108.762,2784650000
USDJPY,20191028,0300,108.762,108.770,108.746,108.757,1749820000
USDJPY,20191028,0400,108.756,108.774,108.750,108.768,2297730000
USDJPY,20191028,0500,108.768,108.768,108.729,108.729,1651160000
USDJPY,20191028,0600,108.729,108.748,108.717,108.730,2785250000
USDJPY,20191028,0700,108.732,108.751,108.699,108.733,3778579999
USDJPY,20191028,0800,108.734,108.762,108.691,108.691,8939940000
USDJPY,20191028,0900,108.691,108.713,108.657,108.693,5942680000
USDJPY,20191028,1000,108.692,108.731,108.682,108.714,4864090000
USDJPY,20191028,1100,108.714,108.741,108.689,108.729,3693670000
USDJPY,20191028,1200,108.730,108.881,108.705,108.863,8157839998
USDJPY,20191028,1300,108.863,108.936,108.826,108.927,8971830000
USDJPY,20191028,1400,108.926,108.931,108.871,108.871,8710830000
USDJPY,20191028,1500,108.872,109.023,108.866,109.020,7331240000
USDJPY,20191028,1600,109.018,109.039,108.956,108.977,4953900000
USDJPY,20191028,1700,108.976,108.982,108.926,108.934,3436600000
USDJPY,20191028,1800,108.934,109.011,108.932,109.010,3563420000
USDJPY,20191028,1900,109.010,109.011,108.914,108.925,3555430001
USDJPY,20191028,2000,108.925,109.002,108.924,108.931,2613720000
USDJPY,20191028,2100,108.927,108.999,108.919,108.979,5499540000
USDJPY,20191028,2200,108.983,108.998,108.963,108.966,3302850000
USDJPY,20191028,2300,108.966,108.986,108.961,108.977,2383080000
USDJPY,20191029,0000,108.975,109.068,108.956,109.007,6006360000
USDJPY,20191029,0100,109.009,109.021,108.958,108.970,4052110000
USDJPY,20191029,0200,108.970,108.989,108.958,108.985,2522620000
USDJPY,20191029,0300,108.986,108.994,108.959,108.966,1789270000
USDJPY,20191029,0400,108.966,109.001,108.965,108.998,2317130000
USDJPY,20191029,0500,108.997,109.000,108.976,108.987,1855720000
USDJPY,20191029,0600,108.987,109.004,108.972,108.977,2705950000
USDJPY,20191029,0700,108.979,108.980,108.850,108.852,4859709997
USDJPY,20191029,0800,108.852,108.890,108.833,108.885,5634240000
USDJPY,20191029,0900,108.885,108.948,108.854,108.870,5970580000
USDJPY,20191029,1000,108.870,108.956,108.859,108.939,5899460000
USDJPY,20191029,1100,108.941,108.944,108.896,108.913,4533680000
USDJPY,20191029,1200,108.913,108.934,108.854,108.903,7447110000
USDJPY,20191029,1300,108.903,108.983,108.889,108.909,7603679999
USDJPY,20191029,1400,108.907,108.980,108.896,108.940,9016810000
USDJPY,20191029,1500,108.941,108.958,108.752,108.832,8509660007
USDJPY,20191029,1600,108.833,108.929,108.796,108.918,7900670000
USDJPY,20191029,1700,108.917,108.942,108.901,108.916,3257480000
USDJPY,20191029,1800,108.916,108.928,108.812,108.820,2672580000
USDJPY,20191029,1900,108.821,108.873,108.814,108.832,3179000000
USDJPY,20191029,2000,108.832,108.890,108.832,108.885,1678860000
USDJPY,20191029,2100,108.879,108.897,108.862,108.887,8590120000
USDJPY,20191029,2200,108.891,108.892,108.841,108.870,3041330000
USDJPY,20191029,2300,108.871,108.881,108.850,108.877,1742910000
USDJPY,20191030,0000,108.876,108.886,108.811,108.837,5082870000
USDJPY,20191030,0100,108.837,108.862,108.819,108.854,4190610000
USDJPY,20191030,0200,108.854,108.873,108.841,108.860,2818880000
USDJPY,20191030,0300,108.860,108.867,108.839,108.849,1896170000
USDJPY,20191030,0400,108.847,108.849,108.817,108.842,2782880002
USDJPY,20191030,0500,108.843,108.858,108.826,108.856,2794059998
USDJPY,20191030,0600,108.856,108.857,108.828,108.846,3485300001
USDJPY,20191030,0700,108.846,108.857,108.829,108.851,3756120000
USDJPY,20191030,0800,108.850,108.877,108.820,108.834,5597350000
USDJPY,20191030,0900,108.833,108.859,108.813,108.852,3774610000
USDJPY,20191030,1000,108.851,108.875,108.826,108.839,4429260004
USDJPY,20191030,1100,108.839,108.854,108.827,108.835,3576960000
USDJPY,20191030,1200,108.835,108.951,108.819,108.905,8558689999
USDJPY,20191030,1300,108.905,108.972,108.858,108.908,8398230001
USDJPY,20191030,1400,108.907,108.926,108.791,108.920,10400949999
USDJPY,20191030,1500,108.925,108.925,108.814,108.879,7367560000
USDJPY,20191030,1600,108.878,108.890,108.852,108.877,4920319998
USDJPY,20191030,1700,108.877,108.921,108.869,108.870,3542000000
USDJPY,20191030,1800,108.870,109.287,108.870,108.958,16795829999
USDJPY,20191030,1900,108.956,108.977,108.719,108.843,12055140000
USDJPY,20191030,2000,108.844,108.891,108.811,108.826,4283790000
USDJPY,20191030,2100,108.828,108.898,108.758,108.849,5407920000
USDJPY,20191030,2200,108.854,108.879,108.803,108.804,3518250000
USDJPY,20191030,2300,108.807,108.812,108.762,108.798,3192130000
USDJPY,20191031,0000,108.798,108.862,108.755,108.798,8533820015
USDJPY,20191031,0100,108.800,108.802,108.585,108.654,10665059999
USDJPY,20191031,0200,108.654,108.681,108.634,108.669,4639960000
USDJPY,20191031,0300,108.669,108.751,108.603,108.612,7068430000
USDJPY,20191031,0400,108.611,108.675,108.611,108.660,3324000000
USDJPY,20191031,0500,108.660,108.695,108.650,108.686,2988330000
USDJPY,20191031,0600,108.687,108.723,108.668,108.693,3675120000
USDJPY,20191031,0700,108.693,108.693,108.595,108.597,5492100000
USDJPY,20191031,0800,108.598,108.634,108.538,108.597,7578139999
USDJPY,20191031,0900,108.598,108.610,108.266,108.298,14217640001
USDJPY,20191031,1000,108.298,108.311,108.229,108.277,8642730003
USDJPY,20191031,1100,108.279,108.280,108.103,108.182,8639219994
USDJPY,20191031,1200,108.182,108.212,108.121,108.196,8161420000
USDJPY,20191031,1300,108.197,108.328,108.100,108.107,10067100000
USDJPY,20191031,1400,108.107,108.193,108.054,108.187,14956170010
USDJPY,20191031,1500,108.188,108.218,108.081,108.081,12546780000
USDJPY,20191031,1600,108.084,108.126,107.978,108.004,10397340008
USDJPY,20191031,1700,108.003,108.041,107.926,107.981,7014230000
USDJPY,20191031,1800,107.981,108.005,107.949,107.982,5545320000
USDJPY,20191031,1900,107.979,108.037,107.975,107.987,5239400000
USDJPY,20191031,2000,107.987,108.029,107.977,108.019,1466170000
USDJPY,20191031,2100,108.021,108.052,108.009,108.018,1906849999
USDJPY,20191031,2200,108.018,108.041,108.001,108.031,2234620000
USDJPY,20191031,2300,108.029,108.031,107.960,108.000,2637400000
USDJPY,20191101,0000,108.000,108.052,107.925,107.930,6146130000
USDJPY,20191101,0100,107.930,108.043,107.887,108.030,7690890000
USDJPY,20191101,0200,108.031,108.057,108.016,108.054,4887890000
USDJPY,20191101,0300,108.053,108.054,108.018,108.031,2246470000
USDJPY,20191101,0400,108.032,108.042,108.015,108.017,2030710000
USDJPY,20191101,0500,108.016,108.029,107.970,107.976,1986230000
USDJPY,20191101,0600,107.976,107.999,107.950,107.980,2860359990
USDJPY,20191101,0700,107.980,108.006,107.955,107.956,4093080000
USDJPY,20191101,0800,107.956,108.015,107.928,107.999,5879000000
USDJPY,20191101,0900,107.998,108.066,107.993,108.045,3853840001
USDJPY,20191101,1000,108.046,108.056,108.002,108.020,4055799995
USDJPY,20191101,1100,108.020,108.038,107.962,107.971,4182160000
USDJPY,20191101,1200,107.971,108.260,107.921,108.147,12817920000
USDJPY,20191101,1300,108.146,108.165,108.066,108.097,9323820000
USDJPY,20191101,1400,108.092,108.111,107.918,108.062,13860340001
USDJPY,20191101,1500,108.064,108.169,108.021,108.153,7284240000
USDJPY,20191101,1600,108.153,108.229,108.124,108.206,6336990000
USDJPY,20191101,1700,108.205,108.323,108.193,108.246,6053140000
USDJPY,20191101,1800,108.245,108.281,108.211,108.259,3155470000
USDJPY,20191101,1900,108.260,108.263,108.160,108.169,3695810001
USDJPY,20191101,2000,108.170,108.207,108.145,108.168,2774660000
USDJPY,20191103,2200,108.218,108.249,108.182,108.235,9170130071
USDJPY,20191103,2300,108.235,108.249,108.209,108.217,3981920000
USDJPY,20191104,0000,108.217,108.233,108.206,108.220,2072830000
USDJPY,20191104,0100,108.220,108.238,108.208,108.216,1856380000
USDJPY,20191104,0200,108.217,108.235,108.210,108.229,1835130003
USDJPY,20191104,0300,108.231,108.233,108.215,108.222,1615940000
USDJPY,20191104,0400,108.221,108.228,108.215,108.224,890730000
USDJPY,20191104,0500,108.224,108.241,108.218,108.240,1025480000
USDJPY,20191104,0600,108.240,108.283,108.234,108.273,1446400002
USDJPY,20191104,0700,108.273,108.323,108.261,108.305,3860780000
USDJPY,20191104,0800,108.304,108.434,108.293,108.375,7477490002
USDJPY,20191104,0900,108.377,108.390,108.334,108.372,4760640000
USDJPY,20191104,1000,108.373,108.468,108.367,108.453,5201120000
USDJPY,20191104,1100,108.453,108.463,108.407,108.417,4084390000
USDJPY,20191104,1200,108.418,108.439,108.384,108.422,3213959998
USDJPY,20191104,1300,108.423,108.457,108.367,108.449,5854020000
USDJPY,20191104,1400,108.448,108.516,108.422,108.493,6615640000
USDJPY,20191104,1500,108.494,108.514,108.411,108.511,6676830000
USDJPY,20191104,1600,108.511,108.618,108.511,108.567,5533550000
USDJPY,20191104,1700,108.568,108.606,108.551,108.588,2666370000
USDJPY,20191104,1800,108.590,108.646,108.586,108.633,2972809999
USDJPY,20191104,1900,108.632,108.649,108.617,108.638,2968160000
USDJPY,20191104,2000,108.637,108.641,108.593,108.608,2900100000
USDJPY,20191104,2100,108.607,108.607,108.564,108.573,1591560000
USDJPY,20191104,2200,108.573,108.603,108.543,108.591,11525389999
USDJPY,20191104,2300,108.590,108.750,108.580,108.703,6948400004
USDJPY,20191105,0000,108.705,108.780,108.688,108.733,6145149998
USDJPY,20191105,0100,108.733,108.734,108.647,108.732,6241689999
USDJPY,20191105,0200,108.727,108.779,108.723,108.765,4231500000
USDJPY,20191105,0300,108.765,108.827,108.757,108.812,3882020000
USDJPY,20191105,0400,108.810,108.817,108.789,108.801,2955140000
USDJPY,20191105,0500,108.800,108.801,108.754,108.771,2291430000
USDJPY,20191105,0600,108.772,108.839,108.767,108.804,3081290000
USDJPY,20191105,0700,108.804,108.831,108.748,108.789,5091859999
USDJPY,20191105,0800,108.789,108.896,108.776,108.859,7284780000
USDJPY,20191105,0900,108.860,108.884,108.842,108.854,4887490000
USDJPY,20191105,1000,108.856,108.873,108.834,108.839,3618940000
USDJPY,20191105,1100,108.838,108.858,108.798,108.816,5144320000
USDJPY,20191105,1200,108.816,108.862,108.811,108.858,4956070000
USDJPY,20191105,1300,108.858,108.933,108.842,108.923,5975190000
USDJPY,20191105,1400,108.924,108.948,108.809,108.854,7432080000
USDJPY,20191105,1500,108.854,109.157,108.854,109.156,14646080000
USDJPY,20191105,1600,109.157,109.232,109.094,109.134,8453950000
USDJPY,20191105,1700,109.132,109.148,109.088,109.125,4540480000
USDJPY,20191105,1800,109.125,109.204,109.098,109.176,5082930000
USDJPY,20191105,1900,109.177,109.231,109.150,109.228,2980850000
USDJPY,20191105,2000,109.228,109.242,109.174,109.178,2951310000
USDJPY,20191105,2100,109.177,109.183,109.120,109.144,2612890000
USDJPY,20191105,2200,109.131,109.182,109.117,109.159,2555620000
USDJPY,20191105,2300,109.160,109.179,109.123,109.145,2833330000
USDJPY,20191106,0000,109.145,109.182,109.059,109.064,5320050000
USDJPY,20191106,0100,109.066,109.098,109.005,109.069,6133620000
USDJPY,20191106,0200,109.069,109.074,109.025,109.052,3345090001
USDJPY,20191106,0300,109.052,109.053,109.014,109.027,2499500000
USDJPY,20191106,0400,109.027,109.072,109.024,109.068,2378010000
USDJPY,20191106,0500,109.067,109.090,109.056,109.062,2482880000
USDJPY,20191106,0600,109.063,109.072,108.911,108.975,4616549999
USDJPY,20191106,0700,108.978,109.012,108.906,108.977,4785940000
USDJPY,20191106,0800,108.978,109.057,108.965,109.004,6756970003
USDJPY,20191106,0900,109.004,109.022,108.937,108.954,5295690003
USDJPY,20191106,1000,108.951,109.025,108.949,109.025,4068470000
USDJPY,20191106,1100,109.024,109.043,108.981,109.001,3295170000
USDJPY,20191106,1200,109.001,109.042,108.988,109.016,4384880001
USDJPY,20191106,1300,109.016,109.017,108.932,108.964,6257210000
USDJPY,20191106,1400,108.965,109.019,108.952,108.999,6350370000
USDJPY,20191106,1500,109.000,109.025,108.980,109.017,5952900000
USDJPY,20191106,1600,109.016,109.136,108.817,108.858,10785890000
USDJPY,20191106,1700,108.860,108.944,108.833,108.901,7282160000
USDJPY,20191106,1800,108.901,108.942,108.847,108.929,5524570000
USDJPY,20191106,1900,108.930,108.944,108.875,108.940,5543330000
USDJPY,20191106,2000,108.940,108.948,108.900,108.941,3864660000
USDJPY,20191106,2100,108.941,109.017,108.938,108.965,3320650000
USDJPY,20191106,2200,108.964,108.972,108.897,108.961,8005320000
USDJPY,20191106,2300,108.961,108.970,108.913,108.918,2425420000
USDJPY,20191107,0000,108.917,108.921,108.863,108.881,4005940001
USDJPY,20191107,0100,108.883,108.900,108.764,108.812,5001150000
USDJPY,20191107,0200,108.811,108.811,108.717,108.730,5370030000
USDJPY,20191107,0300,108.731,108.735,108.647,108.674,5416960000
USDJPY,20191107,0400,108.673,108.706,108.673,108.693,1847990000
USDJPY,20191107,0500,108.692,108.767,108.692,108.760,2280020000
USDJPY,20191107,0600,108.760,108.762,108.718,108.732,3288630004
USDJPY,20191107,0700,108.732,109.121,108.705,108.962,15187829998
USDJPY,20191107,0800,108.962,109.015,108.931,108.961,9308520000
USDJPY,20191107,0900,108.961,109.067,108.957,109.061,6190710000
USDJPY,20191107,1000,109.061,109.198,109.060,109.181,8770570000
USDJPY,20191107,1100,109.179,109.183,109.089,109.109,7617040007
USDJPY,20191107,1200,109.109,109.164,109.098,109.117,8089810000
USDJPY,20191107,1300,109.118,109.190,109.094,109.171,6831210000
USDJPY,20191107,1400,109.171,109.223,109.122,109.157,8686780000
USDJPY,20191107,1500,109.158,109.389,109.126,109.326,11612900000
USDJPY,20191107,1600,109.326,109.453,109.243,109.422,10500880000
USDJPY,20191107,1700,109.424,109.487,109.384,109.469,10174840000
USDJPY,20191107,1800,109.470,109.487,109.375,109.429,6517830000
USDJPY,20191107,1900,109.430,109.457,109.235,109.309,8064690000
USDJPY,20191107,2000,109.307,109.321,109.156,109.273,6629280000
USDJPY,20191107,2100,109.272,109.320,109.248,109.282,2760000000
USDJPY,20191107,2200,109.272,109.334,109.268,109.308,1369940000
USDJPY,20191107,2300,109.310,109.322,109.247,109.273,3915460000
USDJPY,20191108,0000,109.275,109.408,109.270,109.326,9549890001
USDJPY,20191108,0100,109.326,109.337,109.221,109.223,8111990000
USDJPY,20191108,0200,109.225,109.249,109.148,109.225,5743560000
USDJPY,20191108,0300,109.224,109.251,109.201,109.207,3087360000
USDJPY,20191108,0400,109.208,109.255,109.202,109.250,2845800000
USDJPY,20191108,0500,109.250,109.274,109.228,109.253,2763440000
USDJPY,20191108,0600,109.253,109.305,109.234,109.292,3088340000
USDJPY,20191108,0700,109.292,109.315,109.244,109.286,5556010000
USDJPY,20191108,0800,109.286,109.314,109.238,109.300,7905160001
USDJPY,20191108,0900,109.302,109.351,109.302,109.346,5086440000
USDJPY,20191108,1000,109.347,109.369,109.326,109.346,4763310000
USDJPY,20191108,1100,109.349,109.410,109.347,109.395,3888020000
USDJPY,20191108,1200,109.394,109.476,109.326,109.366,7752770000
USDJPY,20191108,1300,109.365,109.421,109.281,109.346,9023350001
USDJPY,20191108,1400,109.346,109.360,109.133,109.140,9268470000
USDJPY,20191108,1500,109.137,109.257,109.081,109.146,15606120000
USDJPY,20191108,1600,109.145,109.159,109.078,109.138,6916720000
USDJPY,20191108,1700,109.139,109.199,109.138,109.187,3310880000
USDJPY,20191108,1800,109.185,109.204,109.145,109.177,3606630000
USDJPY,20191108,1900,109.175,109.190,109.151,109.159,2739650000
USDJPY,20191108,2000,109.159,109.227,109.159,109.214,2854670000
USDJPY,20191110,2200,109.195,109.230,109.175,109.230,1844870000
USDJPY,20191110,2300,109.231,109.254,109.206,109.206,2977180000
USDJPY,20191111,0000,109.204,109.245,109.116,109.117,4166580000
USDJPY,20191111,0100,109.116,109.150,109.089,109.143,4103910000
USDJPY,20191111,0200,109.144,109.147,109.010,109.022,4111790000
USDJPY,20191111,0300,109.021,109.078,109.016,109.063,2038880000
USDJPY,20191111,0400,109.062,109.062,108.998,109.037,2052790000
USDJPY,20191111,0500,109.036,109.063,109.021,109.022,1886150000
USDJPY,20191111,0600,109.023,109.023,108.926,108.966,4194200000
USDJPY,20191111,0700,108.966,109.003,108.914,108.961,3860770000
USDJPY,20191111,0800,108.961,109.024,108.943,108.977,4975630000
USDJPY,20191111,0900,108.977,109.006,108.933,108.966,4783630000
USDJPY,20191111,1000,108.966,108.998,108.954,108.967,2662760000
USDJPY,20191111,1100,108.968,108.973,108.930,108.947,3959390000
USDJPY,20191111,1200,108.947,108.967,108.894,108.938,4665740000
USDJPY,20191111,1300,108.940,108.988,108.925,108.966,3024750000
USDJPY,20191111,1400,108.968,109.021,108.966,109.008,4692610000
USDJPY,20191111,1500,109.009,109.107,109.002,109.096,5624070001
USDJPY,20191111,1600,109.096,109.108,109.040,109.087,2982770000
USDJPY,20191111,1700,109.087,109.092,109.020,109.020,1810660000
USDJPY,20191111,1800,109.020,109.031,108.977,109.004,1845240000
USDJPY,20191111,1900,109.003,109.037,109.000,109.034,1668710000
USDJPY,20191111,2000,109.031,109.052,109.014,109.051,1931990000
USDJPY,20191111,2100,109.050,109.069,109.033,109.041,781450000
USDJPY,20191111,2200,109.042,109.068,108.988,109.058,3443970000
USDJPY,20191111,2300,109.059,109.073,109.026,109.043,2560790000
USDJPY,20191112,0000,109.043,109.177,108.987,109.177,6733700000
USDJPY,20191112,0100,109.176,109.182,109.126,109.140,4995160002
USDJPY,20191112,0200,109.142,109.172,109.133,109.145,3323440000
USDJPY,20191112,0300,109.144,109.162,109.135,109.148,2133300000
USDJPY,20191112,0400,109.148,109.153,109.120,109.135,1769090000
USDJPY,20191112,0500,109.137,109.215,109.121,109.207,3568790002
USDJPY,20191112,0600,109.207,109.292,109.179,109.268,5520850000
USDJPY,20191112,0700,109.270,109.292,109.235,109.239,5180909995
USDJPY,20191112,0800,109.239,109.279,109.210,109.224,7381359999
USDJPY,20191112,0900,109.225,109.236,109.140,109.163,5648029998
USDJPY,20191112,1000,109.163,109.205,109.153,109.172,5526030000
USDJPY,20191112,1100,109.174,109.240,109.172,109.222,4133960000
USDJPY,20191112,1200,109.222,109.232,109.153,109.164,3918030000
USDJPY,20191112,1300,109.165,109.184,109.126,109.131,5520530000
USDJPY,20191112,1400,109.130,109.160,109.062,109.159,6990920000
USDJPY,20191112,1500,109.159,109.242,109.135,109.143,8185940001
USDJPY,20191112,1600,109.142,109.172,109.071,109.099,6445980000
USDJPY,20191112,1700,109.098,109.125,109.039,109.089,7418640000
USDJPY,20191112,1800,109.088,109.115,109.016,109.102,5413750000
USDJPY,20191112,1900,109.101,109.105,108.922,108.961,7217100000
USDJPY,20191112,2000,108.961,109.021,108.961,108.984,4732490000
USDJPY,20191112,2100,108.985,109.031,108.947,108.990,3333800000
USDJPY,20191112,2200,108.992,109.035,108.967,108.972,1714940000
USDJPY,20191112,2300,108.970,109.001,108.959,108.997,2107880000
USDJPY,20191113,0000,108.995,109.005,108.868,108.920,6122080000
USDJPY,20191113,0100,108.919,108.970,108.897,108.957,6434310000
USDJPY,20191113,0200,108.957,109.079,108.934,109.035,4547130001
USDJPY,20191113,0300,109.036,109.081,109.036,109.044,3046080000
USDJPY,20191113,0400,109.042,109.069,109.030,109.062,2486600000
USDJPY,20191113,0500,109.061,109.097,109.057,109.091,2531770000
USDJPY,20191113,0600,109.091,109.108,109.045,109.070,3480390000
USDJPY,20191113,0700,109.069,109.089,109.047,109.064,3924670000
USDJPY,20191113,0800,109.064,109.149,109.051,109.123,6419710000
USDJPY,20191113,0900,109.122,109.126,108.858,108.897,9488180001
USDJPY,20191113,1000,108.898,108.953,108.884,108.940,6078570000
USDJPY,20191113,1100,108.940,108.969,108.900,108.924,4407680000
USDJPY,20191113,1200,108.924,108.932,108.791,108.834,6413130000
USDJPY,20191113,1300,108.834,108.911,108.750,108.788,7920370000
USDJPY,20191113,1400,108.787,108.819,108.694,108.756,10794249999
USDJPY,20191113,1500,108.756,108.781,108.662,108.713,9620470000
USDJPY,20191113,1600,108.713,108.829,108.713,108.829,6494970000
USDJPY,20191113,1700,108.828,108.851,108.797,108.847,4265510000
USDJPY,20191113,1800,108.847,108.850,108.672,108.739,4429920001
USDJPY,20191113,1900,108.739,108.785,108.654,108.773,7976790000
USDJPY,20191113,2000,108.775,108.794,108.763,108.768,3755750000
USDJPY,20191113,2100,108.769,108.854,108.768,108.812,3257560000
USDJPY,20191113,2200,108.808,108.835,108.753,108.772,2833560000
USDJPY,20191113,2300,108.773,108.805,108.759,108.798,1393200000
USDJPY,20191114,0000,108.799,108.800,108.721,108.766,4642510000
USDJPY,20191114,0100,108.766,108.863,108.766,108.827,6217059998
USDJPY,20191114,0200,108.825,108.827,108.702,108.758,7959760000
USDJPY,20191114,0300,108.759,108.764,108.692,108.708,4058500000
USDJPY,20191114,0400,108.707,108.713,108.628,108.707,3522730000
USDJPY,20191114,0500,108.708,108.752,108.703,108.734,3420409996
USDJPY,20191114,0600,108.733,108.733,108.688,108.707,2932219999
USDJPY,20191114,0700,108.708,108.773,108.643,108.748,8720990000
USDJPY,20191114,0800,108.749,108.763,108.636,108.663,8743670000
USDJPY,20191114,0900,108.663,108.667,108.564,108.593,7494320000
USDJPY,20191114,1000,108.593,108.701,108.592,108.645,7087330000
USDJPY,20191114,1100,108.644,108.671,108.578,108.665,3900340000
USDJPY,20191114,1200,108.666,108.670,108.587,108.635,4297640000
USDJPY,20191114,1300,108.635,108.670,108.565,108.606,6267540000
USDJPY,20191114,1400,108.606,108.670,108.592,108.660,7686510000
USDJPY,20191114,1500,108.662,108.697,108.565,108.575,7950980000
USDJPY,20191114,1600,108.574,108.589,108.262,108.340,10789970000
USDJPY,20191114,1700,108.339,108.398,108.327,108.339,5143990000
USDJPY,20191114,1800,108.341,108.399,108.237,108.273,5278159999
USDJPY,20191114,1900,108.271,108.386,108.268,108.379,5621400004
USDJPY,20191114,2000,108.380,108.450,108.377,108.433,3262459999
USDJPY,20191114,2100,108.433,108.448,108.398,108.408,1939410000
USDJPY,20191114,2200,108.408,108.417,108.372,108.398,3527800000
USDJPY,20191114,2300,108.397,108.505,108.388,108.496,3439550000
USDJPY,20191115,0000,108.495,108.604,108.452,108.590,6933620000
USDJPY,20191115,0100,108.590,108.626,108.540,108.567,6122530000
USDJPY,20191115,0200,108.567,108.629,108.542,108.616,4063490000
USDJPY,20191115,0300,108.616,108.617,108.571,108.582,2500930000
USDJPY,20191115,0400,108.582,108.599,108.565,108.576,2057600000
USDJPY,20191115,0500,108.575,108.597,108.567,108.587,2011230000
USDJPY,20191115,0600,108.588,108.605,108.564,108.593,2220290000
USDJPY,20191115,0700,108.593,108.606,108.531,108.548,3047460000
USDJPY,20191115,0800,108.547,108.571,108.482,108.547,5202160000
USDJPY,20191115,0900,108.548,108.692,108.542,108.685,5323940000
USDJPY,20191115,1000,108.685,108.693,108.626,108.666,4357500000
USDJPY,20191115,1100,108.666,108.679,108.634,108.654,3103400000
USDJPY,20191115,1200,108.655,108.777,108.636,108.719,5676499999
USDJPY,20191115,1300,108.720,108.735,108.648,108.675,6340970000
USDJPY,20191115,1400,108.675,108.777,108.640,108.721,8230610000
USDJPY,20191115,1500,108.719,108.765,108.707,108.726,6539770000
USDJPY,20191115,1600,108.727,108.855,108.726,108.797,5737050000
USDJPY,20191115,1700,108.798,108.806,108.761,108.776,3199410000
USDJPY,20191115,1800,108.775,108.797,108.754,108.793,2206030000
USDJPY,20191115,1900,108.793,108.841,108.793,108.827,1986990000
USDJPY,20191115,2000,108.828,108.848,108.786,108.814,2716709999
USDJPY,20191115,2100,108.814,108.818,108.764,108.773,2899889983
USDJPY,20191117,2200,108.782,108.805,108.751,108.756,1740860000
USDJPY,20191117,2300,108.756,108.763,108.668,108.700,3402870000
USDJPY,20191118,0000,108.699,108.793,108.688,108.788,4553120000
USDJPY,20191118,0100,108.789,108.844,108.773,108.835,6003850000
USDJPY,20191118,0200,108.834,108.855,108.786,108.812,3138889999
USDJPY,20191118,0300,108.814,108.829,108.799,108.826,2218750000
USDJPY,20191118,0400,108.825,108.831,108.797,108.814,1984330000
USDJPY,20191118,0500,108.815,108.834,108.807,108.818,2695100000
USDJPY,20191118,0600,108.820,108.848,108.815,108.836,1844870000
USDJPY,20191118,0700,108.834,108.952,108.797,108.918,7318380000
USDJPY,20191118,0800,108.916,108.997,108.911,108.954,7105660000
USDJPY,20191118,0900,108.953,109.007,108.924,109.000,4546120000
USDJPY,20191118,1000,109.001,109.073,108.997,109.049,4315219999
USDJPY,20191118,1100,109.050,109.058,109.005,109.014,3012890000
USDJPY,20191118,1200,109.013,109.062,109.012,109.039,2727910000
USDJPY,20191118,1300,109.038,109.038,108.704,108.785,12010470000
USDJPY,20191118,1400,108.786,108.787,108.618,108.670,10972710000
USDJPY,20191118,1500,108.672,108.692,108.541,108.552,8353000000
USDJPY,20191118,1600,108.553,108.623,108.512,108.614,7404120000
USDJPY,20191118,1700,108.615,108.620,108.555,108.586,2925830000
USDJPY,20191118,1800,108.587,108.607,108.557,108.581,1920380000
USDJPY,20191118,1900,108.580,108.662,108.576,108.643,2568050000
USDJPY,20191118,2000,108.644,108.670,108.625,108.640,1861980000
USDJPY,20191118,2100,108.640,108.684,108.640,108.675,1711960000
USDJPY,20191118,2200,108.675,108.697,108.634,108.663,9639070005
USDJPY,20191118,2300,108.661,108.685,108.642,108.666,1773870000
USDJPY,20191119,0000,108.667,108.684,108.485,108.509,6130920000
USDJPY,20191119,0100,108.510,108.613,108.460,108.587,6723199998
USDJPY,20191119,0200,108.588,108.701,108.563,108.635,3872820000
USDJPY,20191119,0300,108.634,108.648,108.582,108.591,2840470000
USDJPY,20191119,0400,108.591,108.610,108.565,108.587,2213330000
USDJPY,20191119,0500,108.588,108.632,108.572,108.623,2421490000
USDJPY,20191119,0600,108.620,108.647,108.586,108.619,3050050000
USDJPY,20191119,0700,108.618,108.664,108.605,108.661,3773390000
USDJPY,20191119,0800,108.662,108.759,108.624,108.758,7320530000
USDJPY,20191119,0900,108.758,108.804,108.744,108.773,6100990000
USDJPY,20191119,1000,108.775,108.836,108.756,108.814,3728690000
USDJPY,20191119,1100,108.815,108.815,108.691,108.703,4008940000
USDJPY,20191119,1200,108.701,108.762,108.678,108.759,2710440000
USDJPY,20191119,1300,108.759,108.772,108.650,108.692,5227090000
USDJPY,20191119,1400,108.692,108.740,108.602,108.636,7040310000
USDJPY,20191119,1500,108.635,108.637,108.468,108.494,9989790000
USDJPY,20191119,1600,108.494,108.701,108.452,108.597,8538350001
USDJPY,20191119,1700,108.596,108.597,108.458,108.502,5968480000
USDJPY,20191119,1800,108.502,108.531,108.469,108.482,3303090000
USDJPY,20191119,1900,108.485,108.556,108.485,108.528,2621529999
USDJPY,20191119,2000,108.527,108.563,108.503,108.553,2939500000
USDJPY,20191119,2100,108.552,108.557,108.531,108.533,885150000
USDJPY,20191119,2200,108.531,108.569,108.530,108.547,3567590001
USDJPY,20191119,2300,108.547,108.550,108.386,108.473,4312060000
USDJPY,20191120,0000,108.474,108.584,108.436,108.551,7635270000
USDJPY,20191120,0100,108.552,108.568,108.357,108.446,10987530000
USDJPY,20191120,0200,108.446,108.531,108.410,108.491,5756000000
USDJPY,20191120,0300,108.491,108.532,108.473,108.476,3029960000
USDJPY,20191120,0400,108.478,108.517,108.458,108.513,2031340000
USDJPY,20191120,0500,108.514,108.536,108.476,108.523,2580220000
USDJPY,20191120,0600,108.523,108.527,108.505,108.521,2259420000
USDJPY,20191120,0700,108.521,108.571,108.393,108.438,7302020000
USDJPY,20191120,0800,108.438,108.456,108.374,108.390,10159820000
USDJPY,20191120,0900,108.389,108.474,108.348,108.425,6675280000
USDJPY,20191120,1000,108.426,108.452,108.378,108.439,4370210000
USDJPY,20191120,1100,108.438,108.475,108.422,108.474,4672380000
USDJPY,20191120,1200,108.475,108.512,108.436,108.470,5007090000
USDJPY,20191120,1300,108.469,108.580,108.447,108.531,6806370001
USDJPY,20191120,1400,108.532,108.687,108.509,108.633,9579080000
USDJPY,20191120,1500,108.632,108.736,108.612,108.631,10156530000
USDJPY,20191120,1600,108.632,108.707,108.628,108.679,6227150000
USDJPY,20191120,1700,108.679,108.738,108.438,108.535,6796080000
USDJPY,20191120,1800,108.535,108.649,108.412,108.596,14715240000
USDJPY,20191120,1900,108.592,108.647,108.533,108.619,8694910000
USDJPY,20191120,2000,108.617,108.629,108.535,108.572,4701000000
USDJPY,20191120,2100,108.572,108.632,108.567,108.605,1518680000
USDJPY,20191120,2200,108.587,108.602,108.399,108.454,6167100000
USDJPY,20191120,2300,108.454,108.529,108.443,108.472,3888280000
USDJPY,20191121,0000,108.472,108.516,108.330,108.347,8768700000
USDJPY,20191121,0100,108.348,108.393,108.279,108.315,8592660001
USDJPY,20191121,0200,108.315,108.555,108.306,108.489,13380030000
USDJPY,20191121,0300,108.490,108.546,108.460,108.525,5209870000
USDJPY,20191121,0400,108.525,108.537,108.481,108.527,3229000000
USDJPY,20191121,0500,108.528,108.602,108.511,108.574,4018620000
USDJPY,20191121,0600,108.572,108.594,108.545,108.576,2964140000
USDJPY,20191121,0700,108.577,108.671,108.539,108.575,8227160000
USDJPY,20191121,0800,108.575,108.602,108.456,108.516,9318470000
USDJPY,20191121,0900,108.517,108.561,108.486,108.529,6181020000
USDJPY,20191121,1000,108.528,108.652,108.524,108.615,9023010000
USDJPY,20191121,1100,108.616,108.643,108.588,108.632,4247480000
USDJPY,20191121,1200,108.632,108.634,108.543,108.562,5311140000
USDJPY,20191121,1300,108.561,108.697,108.528,108.553,12048570000
USDJPY,20191121,1400,108.552,108.615,108.532,108.594,10083590000
USDJPY,20191121,1500,108.594,108.667,108.510,108.512,12863280000
USDJPY,20191121,1600,108.512,108.603,108.504,108.527,7867490000
USDJPY,20191121,1700,108.526,108.619,108.520,108.607,3932950000
USDJPY,20191121,1800,108.609,108.672,108.602,108.632,3278660000
USDJPY,20191121,1900,108.633,108.664,108.596,108.660,3694620000
USDJPY,20191121,2000,108.661,108.672,108.618,108.623,2475400000
USDJPY,20191121,2100,108.626,108.626,108.575,108.616,1994130000
USDJPY,20191121,2200,108.616,108.628,108.562,108.618,4593550000
USDJPY,20191121,2300,108.617,108.625,108.566,108.579,1830480000
USDJPY,20191122,0000,108.579,108.660,108.566,108.640,6087770000
USDJPY,20191122,0100,108.643,108.708,108.642,108.685,6410880000
USDJPY,20191122,0200,108.685,108.691,108.622,108.627,3012030000
USDJPY,20191122,0300,108.627,108.657,108.612,108.640,2093280000
USDJPY,20191122,0400,108.637,108.653,108.612,108.633,1707470000
USDJPY,20191122,0500,108.633,108.647,108.612,108.619,2428750000
USDJPY,20191122,0600,108.618,108.634,108.604,108.617,2606270000
USDJPY,20191122,0700,108.616,108.616,108.557,108.601,3581450000
USDJPY,20191122,0800,108.600,108.699,108.589,108.616,10916199999
USDJPY,20191122,0900,108.615,108.623,108.531,108.541,9662100000
USDJPY,20191122,1000,108.541,108.547,108.509,108.539,3282650000
USDJPY,20191122,1100,108.538,108.543,108.477,108.505,4388480000
USDJPY,20191122,1200,108.505,108.587,108.504,108.569,3985110005
USDJPY,20191122,1300,108.568,108.620,108.521,108.599,6792390000
USDJPY,20191122,1400,108.599,108.678,108.561,108.668,8357370000
USDJPY,20191122,1500,108.670,108.730,108.612,108.643,8913720000
USDJPY,20191122,1600,108.642,108.688,108.581,108.671,5975890000
USDJPY,20191122,1700,108.669,108.683,108.632,108.675,4003450000
USDJPY,20191122,1800,108.673,108.674,108.589,108.612,3472199999
USDJPY,20191122,1900,108.615,108.647,108.590,108.631,3194330000
USDJPY,20191122,2000,108.631,108.661,108.624,108.632,1669560000
USDJPY,20191122,2100,108.632,108.647,108.596,108.619,2264980000
USDJPY,20191124,2200,108.673,108.706,108.611,108.688,5630860000
USDJPY,20191124,2300,108.689,108.751,108.681,108.724,2874860000
USDJPY,20191125,0000,108.722,108.792,108.691,108.789,5259100000
USDJPY,20191125,0100,108.787,108.802,108.755,108.767,3508400000
USDJPY,20191125,0200,108.767,108.791,108.736,108.780,2362970000
USDJPY,20191125,0300,108.780,108.791,108.749,108.757,2044990000
USDJPY,20191125,0400,108.757,108.772,108.733,108.738,1361000000
USDJPY,20191125,0500,108.738,108.862,108.738,108.862,3862690000
USDJPY,20191125,0600,108.862,108.892,108.844,108.845,2915610000
USDJPY,20191125,0700,108.845,108.854,108.815,108.847,3060750000
USDJPY,20191125,0800,108.846,108.896,108.838,108.863,5939990000
USDJPY,20191125,0900,108.863,108.867,108.830,108.855,4007970000
USDJPY,20191125,1000,108.855,108.857,108.834,108.842,2616910000
USDJPY,20191125,1100,108.842,108.885,108.838,108.876,2368150000
USDJPY,20191125,1200,108.877,108.902,108.859,108.877,3280000000
USDJPY,20191125,1300,108.877,108.954,108.849,108.902,5726779999
USDJPY,20191125,1400,108.901,108.923,108.822,108.838,6431690000
USDJPY,20191125,1500,108.838,108.938,108.816,108.936,5841420000
USDJPY,20191125,1600,108.937,108.958,108.893,108.956,4668300000
USDJPY,20191125,1700,108.954,108.971,108.915,108.964,2982630000
USDJPY,20191125,1800,108.965,108.975,108.938,108.955,2269650000
USDJPY,20191125,1900,108.955,108.978,108.941,108.976,2221140001
USDJPY,20191125,2000,108.975,108.975,108.938,108.953,2452160000
USDJPY,20191125,2100,108.953,108.956,108.908,108.918,2050170000
USDJPY,20191125,2200,108.903,108.949,108.903,108.932,4150490000
USDJPY,20191125,2300,108.938,109.012,108.916,108.998,3521600000
USDJPY,20191126,0000,108.998,109.064,108.981,109.050,4377120000
USDJPY,20191126,0100,109.050,109.208,109.010,109.083,9137340000
USDJPY,20191126,0200,109.080,109.084,108.969,108.979,6660460000
USDJPY,20191126,0300,108.981,109.018,108.961,108.981,3912340000
USDJPY,20191126,0400,108.981,109.004,108.931,108.984,3396350001
USDJPY,20191126,0500,108.984,109.011,108.953,108.964,2546880000
USDJPY,20191126,0600,108.964,108.983,108.938,108.944,1863700000
USDJPY,20191126,0700,108.944,108.979,108.931,108.954,3446240000
USDJPY,20191126,0800,108.954,108.965,108.879,108.911,7168940000
USDJPY,20191126,0900,108.909,108.957,108.874,108.955,6025990000
USDJPY,20191126,1000,108.954,108.975,108.922,108.964,4117960001
USDJPY,20191126,1100,108.964,108.985,108.939,108.944,3185280000
USDJPY,20191126,1200,108.943,108.992,108.919,108.980,4108230000
USDJPY,20191126,1300,108.980,108.997,108.927,108.961,5160940000
USDJPY,20191126,1400,108.960,109.122,108.922,109.027,8376250000
USDJPY,20191126,1500,109.027,109.113,108.991,109.082,7270230000
USDJPY,20191126,1600,109.080,109.125,109.014,109.115,6305620000
USDJPY,20191126,1700,109.115,109.140,109.056,109.075,3549940000
USDJPY,20191126,1800,109.075,109.126,109.055,109.057,3233010000
USDJPY,20191126,1900,109.056,109.087,109.031,109.031,2517290000
USDJPY,20191126,2000,109.030,109.051,109.017,109.039,1894350000
USDJPY,20191126,2100,109.040,109.068,109.024,109.027,1298180000
USDJPY,20191126,2200,109.022,109.070,109.008,109.053,2828140000
USDJPY,20191126,2300,109.056,109.101,109.039,109.096,2856680000
USDJPY,20191127,0000,109.096,109.135,109.066,109.127,4766250000
USDJPY,20191127,0100,109.126,109.152,109.097,109.128,3591530000
USDJPY,20191127,0200,109.127,109.129,109.097,109.114,2261330000
USDJPY,20191127,0300,109.115,109.119,109.093,109.101,1854070000
USDJPY,20191127,0400,109.102,109.144,109.099,109.130,2254640000
USDJPY,20191127,0500,109.130,109.174,109.126,109.157,2014870000
USDJPY,20191127,0600,109.155,109.175,109.140,109.148,1866649997
USDJPY,20191127,0700,109.152,109.190,109.145,109.189,2568840000
USDJPY,20191127,0800,109.189,109.195,109.148,109.161,4420590000
USDJPY,20191127,0900,109.160,109.197,109.144,109.167,4239720000
USDJPY,20191127,1000,109.168,109.173,109.108,109.114,3036050000
USDJPY,20191127,1100,109.114,109.152,109.107,109.115,3556260000
USDJPY,20191127,1200,109.114,109.159,109.112,109.147,3536550000
USDJPY,20191127,1300,109.147,109.254,109.139,109.228,6479660001
USDJPY,20191127,1400,109.227,109.307,109.207,109.280,7694260000
USDJPY,20191127,1500,109.280,109.390,109.218,109.387,7162890000
USDJPY,20191127,1600,109.386,109.397,109.348,109.377,6288050000
USDJPY,20191127,1700,109.376,109.427,109.369,109.426,2940760000
USDJPY,20191127,1800,109.425,109.488,109.425,109.487,3232850000
USDJPY,20191127,1900,109.486,109.609,109.465,109.582,3336420000
USDJPY,20191127,2000,109.581,109.600,109.541,109.545,4087360000
USDJPY,20191127,2100,109.548,109.565,109.522,109.539,2309670000
USDJPY,20191127,2200,109.539,109.552,109.461,109.532,4572930000
USDJPY,20191127,2300,109.530,109.532,109.331,109.372,4449380000
USDJPY,20191128,0000,109.373,109.438,109.342,109.387,6386950000
USDJPY,20191128,0100,109.387,109.448,109.337,109.441,4638910000
USDJPY,20191128,0200,109.439,109.486,109.412,109.467,3022220000
USDJPY,20191128,0300,109.466,109.472,109.446,109.449,1616530000
USDJPY,20191128,0400,109.449,109.456,109.436,109.446,1075110000
USDJPY,20191128,0500,109.446,109.448,109.418,109.426,1326270000
USDJPY,20191128,0600,109.427,109.481,109.427,109.462,2076699999
USDJPY,20191128,0700,109.463,109.485,109.407,109.415,2966859998
USDJPY,20191128,0800,109.417,109.447,109.373,109.436,4348870000
USDJPY,20191128,0900,109.437,109.445,109.400,109.425,2740050000
USDJPY,20191128,1000,109.424,109.456,109.424,109.445,2295560000
USDJPY,20191128,1100,109.446,109.484,109.443,109.473,2282110000
USDJPY,20191128,1200,109.475,109.514,109.473,109.494,2067670000
USDJPY,20191128,1300,109.494,109.509,109.483,109.507,1817200000
USDJPY,20191128,1400,109.507,109.545,109.507,109.527,1268470000
USDJPY,20191128,1500,109.526,109.540,109.508,109.534,1695990000
USDJPY,20191128,1600,109.534,109.544,109.516,109.535,1361490000
USDJPY,20191128,1700,109.534,109.534,109.513,109.514,1040660000
USDJPY,20191128,1800,109.514,109.527,109.501,109.503,6380490000
USDJPY,20191128,1900,109.504,109.524,109.502,109.521,1868340000
USDJPY,20191128,2000,109.519,109.521,109.503,109.514,2014990000
USDJPY,20191128,2100,109.515,109.532,109.495,109.504,4421270000
USDJPY,20191128,2200,109.506,109.520,109.501,109.514,5727570000
USDJPY,20191128,2300,109.514,109.527,109.501,109.519,1981100000
USDJPY,20191129,0000,109.517,109.602,109.511,109.527,4727760000
USDJPY,20191129,0100,109.528,109.533,109.452,109.474,4491030000
USDJPY,20191129,0200,109.472,109.504,109.470,109.487,2594030000
USDJPY,20191129,0300,109.485,109.497,109.455,109.494,2451649999
USDJPY,20191129,0400,109.495,109.497,109.458,109.476,2137310000
USDJPY,20191129,0500,109.475,109.483,109.458,109.477,2295750000
USDJPY,20191129,0600,109.476,109.510,109.468,109.496,2084750000
USDJPY,20191129,0700,109.496,109.522,109.492,109.501,2466960000
USDJPY,20191129,0800,109.501,109.557,109.484,109.550,4594660000
USDJPY,20191129,0900,109.551,109.582,109.526,109.562,3813530000
USDJPY,20191129,1000,109.562,109.574,109.541,109.555,2758130000
USDJPY,20191129,1100,109.555,109.574,109.540,109.571,2706650000
USDJPY,20191129,1200,109.570,109.608,109.550,109.585,3586750000
USDJPY,20191129,1300,109.585,109.669,109.584,109.639,4737220000
USDJPY,20191129,1400,109.640,109.644,109.541,109.564,6265700000
USDJPY,20191129,1500,109.566,109.567,109.462,109.491,7955199999
USDJPY,20191129,1600,109.491,109.543,109.427,109.470,6088650000
USDJPY,20191129,1700,109.469,109.479,109.404,109.404,5146100000
USDJPY,20191129,1800,109.403,109.466,109.396,109.458,4781010000
USDJPY,20191129,1900,109.458,109.494,109.455,109.472,10051800000
USDJPY,20191129,2000,109.472,109.472,109.441,109.451,2065350000
USDJPY,20191129,2100,109.452,109.509,109.418,109.469,3348670000
USDJPY,20191201,2200,109.509,109.535,109.475,109.515,3806600000
USDJPY,20191201,2300,109.513,109.564,109.492,109.532,3496310000
USDJPY,20191202,0000,109.533,109.689,109.529,109.659,6535299999
USDJPY,20191202,0100,109.659,109.715,109.639,109.688,3339060000
USDJPY,20191202,0200,109.687,109.727,109.676,109.694,2124360000
USDJPY,20191202,0300,109.694,109.712,109.668,109.696,1764290000
USDJPY,20191202,0400,109.695,109.695,109.634,109.640,1994420000
USDJPY,20191202,0500,109.640,109.653,109.616,109.638,1802540000
USDJPY,20191202,0600,109.639,109.648,109.621,109.632,2216640004
USDJPY,20191202,0700,109.633,109.650,109.563,109.590,4088599998
USDJPY,20191202,0800,109.590,109.703,109.579,109.685,6238130000
USDJPY,20191202,0900,109.685,109.697,109.636,109.647,4621040000
USDJPY,20191202,1000,109.647,109.653,109.610,109.643,2669130000
USDJPY,20191202,1100,109.644,109.647,109.515,109.554,5422130000
USDJPY,20191202,1200,109.542,109.572,109.518,109.545,4344830000
USDJPY,20191202,1300,109.546,109.548,109.480,109.533,6088560000
USDJPY,20191202,1400,109.532,109.609,109.497,109.529,7567369999
USDJPY,20191202,1500,109.529,109.529,109.096,109.106,21985800000
USDJPY,20191202,1600,109.107,109.142,109.000,109.095,9121150001
USDJPY,20191202,1700,109.096,109.172,108.992,109.034,7694530000
USDJPY,20191202,1800,109.034,109.067,108.978,109.012,5125090000
USDJPY,20191202,1900,109.011,109.014,108.924,108.974,4182170001
USDJPY,20191202,2000,108.977,108.988,108.929,108.953,4465230000
USDJPY,20191202,2100,108.953,108.985,108.952,108.971,1749770000
USDJPY,20191202,2200,108.971,109.059,108.965,109.058,3836200000
USDJPY,20191202,2300,109.058,109.058,108.973,109.023,3769010000
USDJPY,20191203,0000,109.025,109.144,108.951,109.104,7190380000
USDJPY,20191203,0100,109.102,109.129,109.044,109.084,5063790000
USDJPY,20191203,0200,109.084,109.166,109.066,109.145,3547790000
USDJPY,20191203,0300,109.145,109.203,109.140,109.178,3059360000
USDJPY,20191203,0400,109.177,109.206,109.169,109.192,1787210000
USDJPY,20191203,0500,109.190,109.198,109.158,109.175,2369800000
USDJPY,20191203,0600,109.176,109.190,109.133,109.137,2010800000
USDJPY,20191203,0700,109.136,109.148,109.060,109.094,4434160000
USDJPY,20191203,0800,109.095,109.150,109.072,109.098,7361030000
USDJPY,20191203,0900,109.098,109.108,108.977,109.030,5218320000
USDJPY,20191203,1000,109.030,109.075,108.825,108.857,15304399992
USDJPY,20191203,1100,108.857,108.915,108.812,108.841,6084490000
USDJPY,20191203,1200,108.840,108.864,108.731,108.767,6817660000
USDJPY,20191203,1300,108.765,108.783,108.692,108.716,9363590000
USDJPY,20191203,1400,108.719,108.733,108.529,108.684,20329350006
USDJPY,20191203,1500,108.682,108.740,108.531,108.545,18037690001
USDJPY,20191203,1600,108.544,108.579,108.495,108.523,9775769998
USDJPY,20191203,1700,108.524,108.559,108.484,108.528,5156640000
USDJPY,20191203,1800,108.529,108.589,108.526,108.553,4376370000
USDJPY,20191203,1900,108.552,108.614,108.551,108.567,3237020000
USDJPY,20191203,2000,108.567,108.640,108.563,108.633,3939650000
USDJPY,20191203,2100,108.635,108.648,108.620,108.633,1404480000
USDJPY,20191203,2200,108.623,108.659,108.606,108.635,3713480000
USDJPY,20191203,2300,108.635,108.667,108.610,108.662,4238940000
USDJPY,20191204,0000,108.662,108.679,108.490,108.540,10050000000
USDJPY,20191204,0100,108.540,108.576,108.486,108.545,6498530000
USDJPY,20191204,0200,108.545,108.582,108.510,108.521,3416960000
USDJPY,20191204,0300,108.521,108.608,108.501,108.572,3204760000
USDJPY,20191204,0400,108.572,108.600,108.536,108.598,2252300000
USDJPY,20191204,0500,108.599,108.624,108.577,108.611,2706870000
USDJPY,20191204,0600,108.611,108.611,108.563,108.580,2190130001
USDJPY,20191204,0700,108.579,108.581,108.427,108.473,6001930000
USDJPY,20191204,0800,108.473,108.516,108.441,108.469,7332269999
USDJPY,20191204,0900,108.470,108.793,108.458,108.739,10459670002
USDJPY,20191204,1000,108.739,108.769,108.660,108.662,6676010000
USDJPY,20191204,1100,108.663,108.695,108.647,108.676,5072399999
USDJPY,20191204,1200,108.676,108.690,108.625,108.670,6210320001
USDJPY,20191204,1300,108.670,108.713,108.545,108.632,12962500002
USDJPY,20191204,1400,108.632,108.753,108.616,108.735,10427129999
USDJPY,20191204,1500,108.735,108.876,108.645,108.806,15929930003
USDJPY,20191204,1600,108.807,108.894,108.787,108.871,7297180001
USDJPY,20191204,1700,108.873,108.883,108.836,108.862,3368329999
USDJPY,20191204,1800,108.861,108.907,108.861,108.902,2465670002
USDJPY,20191204,1900,108.902,108.962,108.902,108.922,2826969998
USDJPY,20191204,2000,108.921,108.928,108.854,108.865,2780130001
USDJPY,20191204,2100,108.867,108.889,108.848,108.853,3019949994
USDJPY,20191204,2200,108.853,108.865,108.824,108.856,2559720000
USDJPY,20191204,2300,108.857,108.862,108.796,108.831,2361720000
USDJPY,20191205,0000,108.830,108.878,108.805,108.857,5823209999
USDJPY,20191205,0100,108.856,108.932,108.808,108.844,8152659996
USDJPY,20191205,0200,108.845,108.931,108.843,108.882,4577770014
USDJPY,20191205,0300,108.881,108.889,108.834,108.855,2702979999
USDJPY,20191205,0400,108.854,108.867,108.837,108.851,1612320000
USDJPY,20191205,0500,108.851,108.855,108.774,108.781,2433680000
USDJPY,20191205,0600,108.782,108.852,108.782,108.820,2284440000
USDJPY,20191205,0700,108.822,108.898,108.805,108.892,5926360000
USDJPY,20191205,0800,108.890,108.930,108.852,108.917,7240990000
USDJPY,20191205,0900,108.919,108.970,108.873,108.948,5718760000
USDJPY,20191205,1000,108.948,108.997,108.935,108.942,4943159999
USDJPY,20191205,1100,108.943,108.953,108.868,108.889,3991629999
USDJPY,20191205,1200,108.890,108.909,108.849,108.862,4510279995
USDJPY,20191205,1300,108.862,108.922,108.779,108.871,7420060001
USDJPY,20191205,1400,108.869,108.917,108.795,108.836,7293510000
USDJPY,20191205,1500,108.835,108.852,108.721,108.753,10114559992
USDJPY,20191205,1600,108.753,108.777,108.662,108.690,8212200002
USDJPY,20191205,1700,108.689,108.718,108.655,108.692,3930590003
USDJPY,20191205,1800,108.692,108.734,108.669,108.732,4559250000
USDJPY,20191205,1900,108.732,108.782,108.664,108.735,3806770000
USDJPY,20191205,2000,108.734,108.788,108.734,108.762,3807310000
USDJPY,20191205,2100,108.764,108.794,108.741,108.751,3161110000
USDJPY,20191205,2200,108.751,108.759,108.716,108.748,1273580000
USDJPY,20191205,2300,108.749,108.762,108.728,108.728,1836380000
USDJPY,20191206,0000,108.728,108.784,108.664,108.775,6302810000
USDJPY,20191206,0100,108.773,108.782,108.694,108.714,4054599995
USDJPY,20191206,0200,108.712,108.733,108.666,108.677,3030000000
USDJPY,20191206,0300,108.678,108.709,108.671,108.681,1740970000
USDJPY,20191206,0400,108.682,108.693,108.661,108.667,1353440000
USDJPY,20191206,0500,108.667,108.674,108.653,108.672,1419640000
USDJPY,20191206,0600,108.671,108.758,108.665,108.687,4307540000
USDJPY,20191206,0700,108.686,108.691,108.658,108.672,3200840000
USDJPY,20191206,0800,108.671,108.682,108.591,108.600,5974260011
USDJPY,20191206,0900,108.601,108.646,108.575,108.605,3792060000
USDJPY,20191206,1000,108.606,108.619,108.563,108.577,3346320000
USDJPY,20191206,1100,108.577,108.595,108.559,108.583,3117989999
USDJPY,20191206,1200,108.582,108.591,108.548,108.565,3227160001
USDJPY,20191206,1300,108.565,108.923,108.511,108.828,11804900005
USDJPY,20191206,1400,108.828,108.876,108.778,108.844,10596329998
USDJPY,20191206,1500,108.844,108.867,108.645,108.665,9608789998
USDJPY,20191206,1600,108.666,108.724,108.650,108.662,4253759998
USDJPY,20191206,1700,108.662,108.674,108.561,108.614,2979979999
USDJPY,20191206,1800,108.615,108.632,108.598,108.607,2394400000
USDJPY,20191206,1900,108.605,108.617,108.546,108.557,1892349999
USDJPY,20191206,2000,108.558,108.604,108.556,108.566,4258060004
USDJPY,20191206,2100,108.568,108.587,108.523,108.534,1562320000
USDJPY,20191208,2200,108.614,108.639,108.587,108.593,1946260000
USDJPY,20191208,2300,108.593,108.661,108.589,108.641,2052980000
USDJPY,20191209,0000,108.641,108.641,108.542,108.581,4825270004
USDJPY,20191209,0100,108.581,108.614,108.546,108.571,3753440000
USDJPY,20191209,0200,108.571,108.630,108.568,108.601,2744220000
USDJPY,20191209,0300,108.602,108.613,108.566,108.578,1283790000
USDJPY,20191209,0400,108.577,108.596,108.567,108.579,1289300000
USDJPY,20191209,0500,108.578,108.583,108.562,108.572,909760000
USDJPY,20191209,0600,108.574,108.607,108.563,108.597,2459210000
USDJPY,20191209,0700,108.597,108.601,108.552,108.570,2195130000
USDJPY,20191209,0800,108.570,108.571,108.485,108.496,3597490000
USDJPY,20191209,0900,108.495,108.503,108.430,108.499,2554200000
USDJPY,20191209,1000,108.499,108.520,108.448,108.483,1709280000
USDJPY,20191209,1100,108.483,108.496,108.454,108.466,2564810010
USDJPY,20191209,1200,108.466,108.479,108.445,108.451,2197969999
USDJPY,20191209,1300,108.451,108.540,108.438,108.474,4349390000
USDJPY,20191209,1400,108.473,108.553,108.464,108.509,4121590000
USDJPY,20191209,1500,108.510,108.625,108.488,108.598,4269649999
USDJPY,20191209,1600,108.599,108.636,108.590,108.599,4145020000
USDJPY,20191209,1700,108.597,108.671,108.594,108.669,2869069989
USDJPY,20191209,1800,108.671,108.677,108.610,108.615,1912140000
USDJPY,20191209,1900,108.617,108.653,108.591,108.625,1899720000
USDJPY,20191209,2000,108.623,108.646,108.599,108.601,2051420000
USDJPY,20191209,2100,108.602,108.625,108.543,108.554,5226739999
USDJPY,20191209,2200,108.554,108.602,108.537,108.575,3762380000
USDJPY,20191209,2300,108.576,108.620,108.562,108.585,1854110000
USDJPY,20191210,0000,108.587,108.661,108.560,108.611,4293210000
USDJPY,20191210,0100,108.610,108.647,108.584,108.623,3807920000
USDJPY,20191210,0200,108.623,108.652,108.617,108.634,1984760000
USDJPY,20191210,0300,108.633,108.645,108.608,108.629,1594240000
USDJPY,20191210,0400,108.629,108.648,108.618,108.639,1267840001
USDJPY,20191210,0500,108.641,108.641,108.597,108.626,1742650000
USDJPY,20191210,0600,108.625,108.629,108.605,108.619,1153450000
USDJPY,20191210,0700,108.619,108.635,108.567,108.628,2398130000
USDJPY,20191210,0800,108.627,108.656,108.583,108.597,5717469998
USDJPY,20191210,0900,108.596,108.601,108.550,108.588,5215280000
USDJPY,20191210,1000,108.588,108.617,108.561,108.565,4204010000
USDJPY,20191210,1100,108.565,108.585,108.512,108.570,4467990000
USDJPY,20191210,1200,108.572,108.586,108.524,108.565,3116900000
USDJPY,20191210,1300,108.566,108.757,108.542,108.612,9357590000
USDJPY,20191210,1400,108.613,108.652,108.537,108.593,8926190001
USDJPY,20191210,1500,108.593,108.726,108.591,108.701,7273850000
USDJPY,20191210,1600,108.705,108.755,108.623,108.732,8668130000
USDJPY,20191210,1700,108.732,108.765,108.723,108.740,3082810000
USDJPY,20191210,1800,108.739,108.762,108.704,108.720,2323120000
USDJPY,20191210,1900,108.719,108.727,108.698,108.722,2326690000
USDJPY,20191210,2000,108.722,108.766,108.717,108.761,2751310000
USDJPY,20191210,2100,108.760,108.767,108.695,108.717,1449850000
USDJPY,20191210,2200,108.708,108.803,108.680,108.796,4943770000
USDJPY,20191210,2300,108.798,108.855,108.761,108.768,2741070000
USDJPY,20191211,0000,108.772,108.794,108.665,108.768,4325330000
USDJPY,20191211,0100,108.768,108.769,108.710,108.730,3220680000
USDJPY,20191211,0200,108.727,108.749,108.717,108.741,1524540000
USDJPY,20191211,0300,108.741,108.748,108.727,108.741,1378680000
USDJPY,20191211,0400,108.741,108.754,108.735,108.745,1157420000
USDJPY,20191211,0500,108.746,108.768,108.736,108.767,1387720000
USDJPY,20191211,0600,108.768,108.770,108.723,108.746,1572870000
USDJPY,20191211,0700,108.746,108.748,108.701,108.726,2472150000
USDJPY,20191211,0800,108.725,108.796,108.693,108.703,7439990000
USDJPY,20191211,0900,108.702,108.714,108.665,108.688,4898480000
USDJPY,20191211,1000,108.689,108.702,108.655,108.666,3329810000
USDJPY,20191211,1100,108.667,108.702,108.658,108.702,2342340000
USDJPY,20191211,1200,108.703,108.741,108.690,108.737,3264170000
USDJPY,20191211,1300,108.736,108.752,108.669,108.703,4866269999
USDJPY,20191211,1400,108.702,108.725,108.670,108.715,5467750000
USDJPY,20191211,1500,108.713,108.725,108.663,108.703,4576900001
USDJPY,20191211,1600,108.703,108.708,108.636,108.674,4021750000
USDJPY,20191211,1700,108.673,108.701,108.647,108.690,2347660001
USDJPY,20191211,1800,108.689,108.702,108.665,108.678,2259810000
USDJPY,20191211,1900,108.678,108.771,108.464,108.501,10253880000
USDJPY,20191211,2000,108.501,108.567,108.490,108.542,5938760000
USDJPY,20191211,2100,108.542,108.565,108.532,108.553,1403220001
USDJPY,20191211,2200,108.551,108.562,108.521,108.545,1388580000
USDJPY,20191211,2300,108.544,108.561,108.529,108.556,2211280000
USDJPY,20191212,0000,108.553,108.553,108.456,108.490,5177290000
USDJPY,20191212,0100,108.489,108.552,108.464,108.537,2883200000
USDJPY,20191212,0200,108.538,108.582,108.525,108.579,2825300000
USDJPY,20191212,0300,108.578,108.593,108.550,108.567,1613870000
USDJPY,20191212,0400,108.567,108.568,108.550,108.568,1517229999
USDJPY,20191212,0500,108.568,108.604,108.557,108.596,1705970000
USDJPY,20191212,0600,108.595,108.627,108.583,108.618,1460900000
USDJPY,20191212,0700,108.618,108.656,108.608,108.636,2480350000
USDJPY,20191212,0800,108.637,108.653,108.610,108.636,4414230000
USDJPY,20191212,0900,108.636,108.704,108.636,108.680,3503890000
USDJPY,20191212,1000,108.680,108.686,108.637,108.647,3537310000
USDJPY,20191212,1100,108.647,108.698,108.626,108.639,3544330000
USDJPY,20191212,1200,108.638,108.664,108.622,108.646,2898819999
USDJPY,20191212,1300,108.645,108.656,108.560,108.578,9395140000
USDJPY,20191212,1400,108.578,108.951,108.561,108.941,17022320002
USDJPY,20191212,1500,108.942,109.301,108.942,109.296,17692029998
USDJPY,20191212,1600,109.296,109.315,109.143,109.162,12096430001
USDJPY,20191212,1700,109.162,109.277,109.119,109.265,6064450000
USDJPY,20191212,1800,109.265,109.316,109.205,109.253,5267890001
USDJPY,20191212,1900,109.254,109.448,109.232,109.333,9806210000
USDJPY,20191212,2000,109.335,109.373,109.304,109.328,7661190000
USDJPY,20191212,2100,109.331,109.345,109.219,109.279,3767950001
USDJPY,20191212,2200,109.282,109.579,108.915,109.487,7568120000
USDJPY,20191212,2300,109.484,109.549,109.356,109.405,9321600000
USDJPY,20191213,0000,109.405,109.564,109.350,109.555,11933830000
USDJPY,20191213,0100,109.557,109.567,109.461,109.542,8344290000
USDJPY,20191213,0200,109.541,109.564,109.510,109.548,4291890000
USDJPY,20191213,0300,109.548,109.626,109.541,109.581,5566420000
USDJPY,20191213,0400,109.582,109.617,109.564,109.616,2690240000
USDJPY,20191213,0500,109.616,109.628,109.549,109.570,3200810000
USDJPY,20191213,0600,109.570,109.617,109.550,109.610,4059120000
USDJPY,20191213,0700,109.609,109.662,109.584,109.627,7006030001
USDJPY,20191213,0800,109.628,109.657,109.576,109.592,8146560000
USDJPY,20191213,0900,109.592,109.656,109.591,109.641,6069600000
USDJPY,20191213,1000,109.641,109.707,109.637,109.667,4211770000
USDJPY,20191213,1100,109.666,109.684,109.622,109.655,3968660000
USDJPY,20191213,1200,109.655,109.673,109.460,109.521,6150450000
USDJPY,20191213,1300,109.522,109.622,109.487,109.587,10522910000
USDJPY,20191213,1400,109.588,109.591,109.246,109.315,22235170001
USDJPY,20191213,1500,109.314,109.625,109.254,109.280,24354610004
USDJPY,20191213,1600,109.279,109.323,109.205,109.288,9469619986
USDJPY,20191213,1700,109.287,109.327,109.251,109.320,4172570000
USDJPY,20191213,1800,109.322,109.326,109.287,109.320,3347630000
USDJPY,20191213,1900,109.319,109.328,109.284,109.315,2561340000
USDJPY,20191213,2000,109.314,109.357,109.311,109.333,2150480000
USDJPY,20191213,2100,109.334,109.365,109.318,109.320,2266370000
USDJPY,20191215,2200,109.267,109.380,109.267,109.353,3298530000
USDJPY,20191215,2300,109.355,109.443,109.343,109.382,5228420000
USDJPY,20191216,0000,109.384,109.416,109.361,109.374,5370919988
USDJPY,20191216,0100,109.375,109.411,109.355,109.372,3389079999
USDJPY,20191216,0200,109.375,109.402,109.358,109.386,2883950000
USDJPY,20191216,0300,109.386,109.397,109.367,109.397,2778569992
USDJPY,20191216,0400,109.396,109.397,109.375,109.381,1255240000
USDJPY,20191216,0500,109.381,109.402,109.377,109.392,2810730000
USDJPY,20191216,0600,109.391,109.401,109.365,109.377,3027659998
USDJPY,20191216,0700,109.377,109.432,109.375,109.402,3657050000
USDJPY,20191216,0800,109.402,109.501,109.397,109.479,7480940000
USDJPY,20191216,0900,109.480,109.484,109.410,109.411,3701629996
USDJPY,20191216,1000,109.410,109.445,109.406,109.422,2420409998
USDJPY,20191216,1100,109.422,109.457,109.413,109.452,1907910002
USDJPY,20191216,1200,109.452,109.470,109.426,109.426,1715380000
USDJPY,20191216,1300,109.422,109.442,109.392,109.436,4241460013
USDJPY,20191216,1400,109.435,109.471,109.419,109.449,4601799999
USDJPY,20191216,1500,109.450,109.627,109.450,109.625,5073009999
USDJPY,20191216,1600,109.627,109.676,109.612,109.648,4999849994
USDJPY,20191216,1700,109.648,109.660,109.610,109.617,2627119998
USDJPY,20191216,1800,109.617,109.631,109.565,109.592,2357059991
USDJPY,20191216,1900,109.594,109.626,109.581,109.587,1903320000
USDJPY,20191216,2000,109.586,109.598,109.551,109.563,2284440001
USDJPY,20191216,2100,109.563,109.598,109.533,109.534,1259830000
USDJPY,20191216,2200,109.536,109.613,109.520,109.608,1465710000
USDJPY,20191216,2300,109.608,109.628,109.571,109.581,2739770000
USDJPY,20191217,0000,109.582,109.587,109.490,109.530,4746390000
USDJPY,20191217,0100,109.532,109.580,109.526,109.556,3442060001
USDJPY,20191217,0200,109.556,109.562,109.514,109.546,3086250000
USDJPY,20191217,0300,109.547,109.561,109.531,109.542,1948149995
USDJPY,20191217,0400,109.540,109.545,109.525,109.545,1620430003
USDJPY,20191217,0500,109.544,109.580,109.543,109.573,1844080000
USDJPY,20191217,0600,109.573,109.575,109.548,109.560,3193039983
USDJPY,20191217,0700,109.561,109.611,109.552,109.587,2556910000
USDJPY,20191217,0800,109.588,109.610,109.547,109.603,5029869999
USDJPY,20191217,0900,109.603,109.633,109.580,109.615,4115060000
USDJPY,20191217,1000,109.616,109.618,109.546,109.554,3081950001
USDJPY,20191217,1100,109.553,109.590,109.526,109.587,3044180000
USDJPY,20191217,1200,109.588,109.617,109.575,109.576,2555239999
USDJPY,20191217,1300,109.577,109.622,109.550,109.573,4901180001
USDJPY,20191217,1400,109.573,109.618,109.551,109.572,5605559999
USDJPY,20191217,1500,109.571,109.605,109.512,109.527,5456470002
USDJPY,20191217,1600,109.527,109.551,109.463,109.519,4566649982
USDJPY,20191217,1700,109.519,109.528,109.452,109.459,2454350000
USDJPY,20191217,1800,109.458,109.483,109.443,109.474,2476330002
USDJPY,20191217,1900,109.474,109.528,109.457,109.492,1718980000
USDJPY,20191217,2000,109.491,109.535,109.491,109.516,1658380000
USDJPY,20191217,2100,109.517,109.542,109.472,109.473,3344740050
USDJPY,20191217,2200,109.468,109.530,109.458,109.506,1887230000
USDJPY,20191217,2300,109.507,109.535,109.492,109.523,1656610000
USDJPY,20191218,0000,109.523,109.566,109.492,109.522,3354980000
USDJPY,20191218,0100,109.522,109.527,109.452,109.466,3513399998
USDJPY,20191218,0200,109.465,109.478,109.413,109.439,3725789999
USDJPY,20191218,0300,109.438,109.480,109.427,109.463,2804600004
USDJPY,20191218,0400,109.464,109.464,109.425,109.427,1869219999
USDJPY,20191218,0500,109.428,109.481,109.428,109.465,2160499998
USDJPY,20191218,0600,109.464,109.469,109.422,109.457,2228720003
USDJPY,20191218,0700,109.457,109.471,109.426,109.437,2691989996
USDJPY,20191218,0800,109.438,109.485,109.400,109.428,4325230001
USDJPY,20191218,0900,109.428,109.466,109.417,109.431,3354220000
USDJPY,20191218,1000,109.430,109.469,109.426,109.461,1527920000
USDJPY,20191218,1100,109.460,109.515,109.448,109.514,2224780000
USDJPY,20191218,1200,109.514,109.580,109.506,109.575,4045310000
USDJPY,20191218,1300,109.574,109.628,109.561,109.601,4811200001
USDJPY,20191218,1400,109.602,109.602,109.521,109.570,5287900004
USDJPY,20191218,1500,109.569,109.597,109.487,109.586,5267540003
USDJPY,20191218,1600,109.588,109.617,109.566,109.589,4514459991
USDJPY,20191218,1700,109.587,109.612,109.551,109.604,2285880000
USDJPY,20191218,1800,109.604,109.620,109.583,109.587,2004369996
USDJPY,20191218,1900,109.587,109.596,109.566,109.588,1722379994
USDJPY,20191218,2000,109.588,109.593,109.554,109.561,1440210000
USDJPY,20191218,2100,109.562,109.615,109.545,109.549,2050859999
USDJPY,20191218,2200,109.539,109.587,109.530,109.574,3734450000
USDJPY,20191218,2300,109.575,109.582,109.545,109.547,1654070000
USDJPY,20191219,0000,109.548,109.685,109.545,109.656,6856340000
USDJPY,20191219,0100,109.656,109.656,109.560,109.579,5671870010
USDJPY,20191219,0200,109.576,109.606,109.560,109.572,2397650000
USDJPY,20191219,0300,109.572,109.585,109.560,109.572,1797560000
USDJPY,20191219,0400,109.573,109.595,109.561,109.595,1633509993
USDJPY,20191219,0500,109.595,109.595,109.572,109.587,1600040000
USDJPY,20191219,0600,109.590,109.592,109.566,109.568,2313129997
USDJPY,20191219,0700,109.568,109.590,109.558,109.573,3900730001
USDJPY,20191219,0800,109.573,109.593,109.554,109.562,4659430000
USDJPY,20191219,0900,109.563,109.587,109.548,109.555,3830250000
USDJPY,20191219,1000,109.556,109.560,109.510,109.519,2830189992
USDJPY,20191219,1100,109.520,109.545,109.475,109.475,4058660036
USDJPY,20191219,1200,109.475,109.511,109.447,109.495,4578050007
USDJPY,20191219,1300,109.493,109.511,109.357,109.371,5745820000
USDJPY,20191219,1400,109.374,109.403,109.282,109.285,5090300015
USDJPY,20191219,1500,109.285,109.340,109.255,109.301,4957700000
USDJPY,20191219,1600,109.303,109.320,109.217,109.235,4927269997
USDJPY,20191219,1700,109.234,109.258,109.192,109.208,2507570000
USDJPY,20191219,1800,109.208,109.238,109.181,109.213,2757109998
USDJPY,20191219,1900,109.212,109.288,109.208,109.281,2060590000
USDJPY,20191219,2000,109.283,109.307,109.264,109.284,1831640000
USDJPY,20191219,2100,109.285,109.368,109.285,109.367,1514200014
USDJPY,20191219,2200,109.361,109.380,109.296,109.377,1817330000
USDJPY,20191219,2300,109.377,109.402,109.327,109.388,2917219997
USDJPY,20191220,0000,109.387,109.404,109.320,109.350,4275160015
USDJPY,20191220,0100,109.352,109.354,109.302,109.341,3367700001
USDJPY,20191220,0200,109.340,109.347,109.312,109.330,3405670015
USDJPY,20191220,0300,109.330,109.340,109.314,109.333,1569059996
USDJPY,20191220,0400,109.332,109.341,109.306,109.323,1698300000
USDJPY,20191220,0500,109.321,109.332,109.301,109.326,1501659996
USDJPY,20191220,0600,109.326,109.332,109.280,109.281,1944500000
USDJPY,20191220,0700,109.281,109.373,109.256,109.371,2990760001
USDJPY,20191220,0800,109.370,109.404,109.345,109.352,5522330007
USDJPY,20191220,0900,109.353,109.360,109.319,109.332,3535860000
USDJPY,20191220,1000,109.332,109.356,109.328,109.353,2470590002
USDJPY,20191220,1100,109.353,109.394,109.349,109.371,2262800000
USDJPY,20191220,1200,109.371,109.371,109.294,109.306,1928770000
USDJPY,20191220,1300,109.307,109.336,109.283,109.307,3456820000
USDJPY,20191220,1400,109.308,109.398,109.306,109.377,4866969999
USDJPY,20191220,1500,109.378,109.452,109.352,109.447,5597199983
USDJPY,20191220,1600,109.448,109.497,109.440,109.454,3982020000
USDJPY,20191220,1700,109.454,109.520,109.447,109.520,2076509999
USDJPY,20191220,1800,109.519,109.525,109.483,109.520,1607900000
USDJPY,20191220,1900,109.520,109.521,109.453,109.476,1898200000
USDJPY,20191220,2000,109.476,109.485,109.442,109.473,1687430002
USDJPY,20191220,2100,109.473,109.497,109.429,109.429,1857640000
USDJPY,20191222,2200,109.400,109.471,109.365,109.453,4508390000
USDJPY,20191222,2300,109.455,109.538,109.450,109.498,3159750000
USDJPY,20191223,0000,109.499,109.501,109.420,109.434,5143890004
USDJPY,20191223,0100,109.433,109.447,109.396,109.419,2994149999
USDJPY,20191223,0200,109.417,109.451,109.397,109.402,3732930023
USDJPY,20191223,0300,109.403,109.413,109.378,109.401,1725979990
USDJPY,20191223,0400,109.401,109.425,109.387,109.425,1298930000
USDJPY,20191223,0500,109.425,109.440,109.406,109.419,1585359998
USDJPY,20191223,0600,109.419,109.424,109.394,109.407,1624209995
USDJPY,20191223,0700,109.408,109.408,109.365,109.390,2490939998
USDJPY,20191223,0800,109.390,109.395,109.344,109.363,3506470000
USDJPY,20191223,0900,109.365,109.393,109.362,109.376,2167480005
USDJPY,20191223,1000,109.376,109.401,109.375,109.392,3253360008
USDJPY,20191223,1100,109.392,109.412,109.382,109.401,2688160012
USDJPY,20191223,1200,109.401,109.445,109.396,109.435,2492820001
USDJPY,20191223,1300,109.435,109.435,109.366,109.394,5034990013
USDJPY,20191223,1400,109.392,109.416,109.345,109.359,3401900003
USDJPY,20191223,1500,109.355,109.391,109.339,109.373,3093370000
USDJPY,20191223,1600,109.375,109.410,109.350,109.394,2570030000
USDJPY,20191223,1700,109.394,109.411,109.366,109.384,1789690000
USDJPY,20191223,1800,109.384,109.408,109.366,109.395,1464710000
USDJPY,20191223,1900,109.395,109.396,109.351,109.369,1753000000
USDJPY,20191223,2000,109.368,109.387,109.356,109.380,4815099988
USDJPY,20191223,2100,109.381,109.409,109.371,109.396,1407050000
USDJPY,20191223,2200,109.389,109.413,109.358,109.397,5807620000
USDJPY,20191223,2300,109.398,109.403,109.376,109.391,1656810000
USDJPY,20191224,0000,109.390,109.441,109.361,109.419,3910140005
USDJPY,20191224,0100,109.421,109.423,109.386,109.399,2839709999
USDJPY,20191224,0200,109.399,109.420,109.379,109.395,2201009998
USDJPY,20191224,0300,109.398,109.407,109.387,109.400,1133250000
USDJPY,20191224,0400,109.401,109.401,109.381,109.383,1430840000
USDJPY,20191224,0500,109.384,109.419,109.379,109.410,3762739995
USDJPY,20191224,0600,109.411,109.416,109.397,109.409,1487660000
USDJPY,20191224,0700,109.408,109.411,109.367,109.391,2299479997
USDJPY,20191224,0800,109.392,109.403,109.376,109.392,2337710000
USDJPY,20191224,0900,109.392,109.413,109.391,109.408,2304380000
USDJPY,20191224,1000,109.408,109.408,109.390,109.404,1476760000
USDJPY,20191224,1100,109.403,109.405,109.389,109.396,2162590000
USDJPY,20191224,1200,109.398,109.414,109.391,109.409,1090860000
USDJPY,20191224,1300,109.408,109.419,109.401,109.408,2219640001
USDJPY,20191224,1400,109.406,109.413,109.383,109.398,2203920000
USDJPY,20191224,1500,109.398,109.404,109.325,109.340,4129529998
USDJPY,20191224,1600,109.339,109.384,109.327,109.378,2121650000
USDJPY,20191224,1700,109.379,109.409,109.369,109.406,2519720000
USDJPY,20191224,1800,109.405,109.407,109.342,109.365,4314560000
USDJPY,20191224,1900,109.364,109.396,109.355,109.396,672600000
USDJPY,20191224,2000,109.396,109.396,109.358,109.375,1428120000
USDJPY,20191224,2100,109.375,109.424,109.352,109.378,6416040000
USDJPY,20191224,2300,109.374,109.393,109.372,109.382,370430000
USDJPY,20191225,0000,109.381,109.405,109.365,109.385,1447590014
USDJPY,20191225,0100,109.388,109.414,109.388,109.404,1355240000
USDJPY,20191225,0200,109.404,109.410,109.379,109.385,613350000
USDJPY,20191225,0300,109.386,109.399,109.377,109.393,446360000
USDJPY,20191225,0400,109.391,109.396,109.370,109.386,436000000
USDJPY,20191225,0500,109.387,109.399,109.345,109.385,698710000
USDJPY,20191225,0600,109.384,109.389,109.354,109.370,378370000
USDJPY,20191225,0700,109.365,109.383,109.273,109.319,684480000
USDJPY,20191225,2200,109.321,109.403,109.320,109.373,710740000
USDJPY,20191225,2300,109.374,109.405,109.365,109.370,6554810000
USDJPY,20191226,0000,109.370,109.531,109.363,109.527,5442510000
USDJPY,20191226,0100,109.527,109.552,109.500,109.528,3554670000
USDJPY,20191226,0200,109.529,109.572,109.522,109.556,2223160000
USDJPY,20191226,0300,109.553,109.561,109.537,109.545,1399349996
USDJPY,20191226,0400,109.545,109.569,109.538,109.548,1415929999
USDJPY,20191226,0500,109.550,109.561,109.529,109.554,1456520001
USDJPY,20191226,0600,109.555,109.562,109.534,109.543,1609190000
USDJPY,20191226,0700,109.543,109.565,109.543,109.550,1564420001
USDJPY,20191226,0800,109.549,109.561,109.547,109.548,713590000
USDJPY,20191226,0900,109.551,109.555,109.541,109.546,1145290000
USDJPY,20191226,1000,109.548,109.557,109.537,109.548,1073400000
USDJPY,20191226,1100,109.551,109.589,109.551,109.582,1073820000
USDJPY,20191226,1200,109.582,109.597,109.570,109.593,2716460000
USDJPY,20191226,1300,109.592,109.617,109.585,109.603,2220900000
USDJPY,20191226,1400,109.602,109.617,109.590,109.614,1368030000
USDJPY,20191226,1500,109.614,109.637,109.596,109.636,2762529997
USDJPY,20191226,1600,109.636,109.684,109.632,109.666,2532690000
USDJPY,20191226,1700,109.659,109.659,109.625,109.631,1319450002
USDJPY,20191226,1800,109.631,109.641,109.609,109.625,1190039997
USDJPY,20191226,1900,109.625,109.663,109.617,109.660,1987750002
USDJPY,20191226,2000,109.660,109.660,109.610,109.627,2926460001
USDJPY,20191226,2100,109.627,109.662,109.606,109.634,4802880000
USDJPY,20191226,2200,109.624,109.624,109.501,109.569,3250440000
USDJPY,20191226,2300,109.571,109.582,109.527,109.527,19678789993
USDJPY,20191227,0000,109.527,109.547,109.432,109.506,7013220000
USDJPY,20191227,0100,109.506,109.506,109.435,109.490,5613529994
USDJPY,20191227,0200,109.493,109.508,109.460,109.486,2685890000
USDJPY,20191227,0300,109.487,109.491,109.450,109.456,2308520003
USDJPY,20191227,0400,109.455,109.472,109.447,109.459,2108320004
USDJPY,20191227,0500,109.458,109.501,109.456,109.498,2714210001
USDJPY,20191227,0600,109.501,109.507,109.490,109.505,1961799994
USDJPY,20191227,0700,109.507,109.525,109.493,109.503,4033460000
USDJPY,20191227,0800,109.504,109.510,109.457,109.486,6597570000
USDJPY,20191227,0900,109.488,109.493,109.461,109.481,2819230000
USDJPY,20191227,1000,109.482,109.516,109.468,109.475,3081879999
USDJPY,20191227,1100,109.476,109.509,109.460,109.489,3577240000
USDJPY,20191227,1200,109.490,109.517,109.474,109.506,2853319998
USDJPY,20191227,1300,109.505,109.551,109.497,109.519,3451540003
USDJPY,20191227,1400,109.519,109.532,109.443,109.451,3207170000
USDJPY,20191227,1500,109.451,109.591,109.449,109.584,5363780001
USDJPY,20191227,1600,109.584,109.589,109.465,109.472,3531990000
USDJPY,20191227,1700,109.475,109.496,109.466,109.476,1753060000
USDJPY,20191227,1800,109.477,109.492,109.451,109.451,1857820001
USDJPY,20191227,1900,109.451,109.467,109.396,109.399,2252630001
USDJPY,20191227,2000,109.399,109.437,109.388,109.427,1519540000
USDJPY,20191227,2100,109.425,109.510,109.413,109.421,1553090000
USDJPY,20191229,2200,109.408,109.472,109.406,109.437,886300000
USDJPY,20191229,2300,109.437,109.461,109.424,109.436,2494520000
USDJPY,20191230,0000,109.435,109.451,109.371,109.428,6210840000
USDJPY,20191230,0100,109.427,109.427,109.310,109.326,2819780000
USDJPY,20191230,0200,109.327,109.333,109.101,109.118,5494780007
USDJPY,20191230,0300,109.119,109.158,109.066,109.152,4743370008
USDJPY,20191230,0400,109.152,109.192,109.137,109.137,2307520001
USDJPY,20191230,0500,109.137,109.161,109.113,109.156,2261650000
USDJPY,20191230,0600,109.156,109.157,109.114,109.147,2045510000
USDJPY,20191230,0700,109.148,109.177,109.107,109.146,2778820000
USDJPY,20191230,0800,109.145,109.182,109.137,109.170,4067940000
USDJPY,20191230,0900,109.171,109.177,109.122,109.122,2116650000
USDJPY,20191230,1000,109.122,109.151,109.112,109.134,2242410000
USDJPY,20191230,1100,109.135,109.160,109.107,109.156,2166720000
USDJPY,20191230,1200,109.155,109.183,109.134,109.170,1791530000
USDJPY,20191230,1300,109.169,109.228,109.158,109.168,3334980000
USDJPY,20191230,1400,109.168,109.177,108.811,108.821,9333700009
USDJPY,20191230,1500,108.821,109.007,108.768,108.991,7451349999
USDJPY,20191230,1600,108.990,108.991,108.825,108.852,4302569999
USDJPY,20191230,1700,108.851,108.927,108.839,108.886,2800689999
USDJPY,20191230,1800,108.886,108.916,108.837,108.852,2922920010
USDJPY,20191230,1900,108.852,108.856,108.818,108.826,2476840002
USDJPY,20191230,2000,108.827,108.853,108.808,108.834,6302429999
USDJPY,20191230,2100,108.837,108.884,108.837,108.874,1699280000
USDJPY,20191230,2200,108.874,108.882,108.829,108.871,2561320000
USDJPY,20191230,2300,108.875,108.877,108.842,108.871,3079420000
USDJPY,20191231,0000,108.874,108.875,108.863,108.864,101560000
